
 !***TRACE Bacon number     1 on file (49)***


 (1.n)= n (average) component(s) per node
 (2.n)= n (average) component(s) per element
 (3.n)= n component(s) per node per element

 --------------------------------
 | Elements | V. Mises:U.S(2.1) |
 --------------------------------
 |        1 |       2.99508E+01 |
 |        2 |       3.65322E+01 |
 |        3 |       3.65744E+01 |
 |        4 |       3.39360E+01 |
 |        5 |       4.95822E+01 |
 |        6 |       3.00619E+01 |
 |        7 |       2.05912E+01 |
 |        8 |       2.32300E+01 |
 |        9 |       2.29725E+01 |
 |       10 |       2.44459E+01 |
 |       11 |       3.49317E+01 |
 |       12 |       2.92466E+01 |
 |       13 |       2.07186E+01 |
 |       14 |       2.13192E+01 |
 |       15 |       2.32310E+01 |
 |       16 |       2.46529E+01 |
 |       17 |       3.23780E+01 |
 |       18 |       2.61652E+01 |
 |       19 |       2.08194E+01 |
 |       20 |       2.16008E+01 |
 |       21 |       2.49744E+01 |
 |       22 |       2.60864E+01 |
 |       23 |       2.89375E+01 |
 |       24 |       2.48532E+01 |
 |       25 |       2.12560E+01 |
 |       26 |       2.17590E+01 |
 |       27 |       2.57228E+01 |
 |       28 |       2.69736E+01 |
 |       29 |       2.66767E+01 |
 |       30 |       2.51401E+01 |
 |       31 |       2.15324E+01 |
 |       32 |       2.15931E+01 |
 |       33 |       2.55038E+01 |
 |       34 |       2.71588E+01 |
 |       35 |       2.54138E+01 |
 |       36 |       2.68257E+01 |
 |       37 |       2.15723E+01 |
 |       38 |       2.11401E+01 |
 |       39 |       2.45367E+01 |
 |       40 |       2.63550E+01 |
 |       41 |       2.49385E+01 |
 |       42 |       3.01333E+01 |
 |       43 |       2.13568E+01 |
 |       44 |       2.09096E+01 |
 |       45 |       2.27537E+01 |
 |       46 |       2.44200E+01 |
 |       47 |       2.49794E+01 |
 |       48 |       3.51954E+01 |
 |       49 |       2.09422E+01 |
 |       50 |       2.29868E+01 |
 |       51 |       1.94315E+01 |
 |       52 |       2.39596E+01 |
 |       53 |       2.42828E+01 |
 |       54 |       4.01486E+01 |
 |       55 |       1.96593E+01 |
 |       56 |       4.21042E+01 |
 |       57 |       1.99190E+01 |
 |       58 |       4.62627E+01 |
 |       59 |       3.64775E+01 |
 |       60 |       4.77054E+01 |
 |       61 |       3.25223E+01 |
 |       62 |       2.43309E+01 |
 |       63 |       1.43666E+01 |
 |       64 |       1.44438E+01 |
 |       65 |       2.47426E+01 |
 |       66 |       3.14770E+01 |
 |       67 |       3.26593E+01 |
 |       68 |       2.29736E+01 |
 |       69 |       2.01833E+01 |
 |       70 |       2.01854E+01 |
 |       71 |       2.02371E+01 |
 |       72 |       2.01316E+01 |
 |       73 |       1.98634E+01 |
 |       74 |       1.96410E+01 |
 |       75 |       2.19809E+01 |
 |       76 |       3.25889E+01 |
 |       77 |       2.45032E+01 |
 |       78 |       2.24881E+01 |
 |       79 |       2.05944E+01 |
 |       80 |       2.01535E+01 |
 |       81 |       2.01681E+01 |
 |       82 |       2.01285E+01 |
 |       83 |       2.00835E+01 |
 |       84 |       2.06742E+01 |
 |       85 |       2.29585E+01 |
 |       86 |       2.45804E+01 |
 |       87 |       1.92786E+01 |
 |       88 |       2.09712E+01 |
 |       89 |       2.12076E+01 |
 |       90 |       2.09066E+01 |
 |       91 |       2.07671E+01 |
 |       92 |       2.07925E+01 |
 |       93 |       2.10103E+01 |
 |       94 |       2.14339E+01 |
 |       95 |       2.11328E+01 |
 |       96 |       1.92886E+01 |
 |       97 |       1.57812E+01 |
 |       98 |       1.95647E+01 |
 |       99 |       2.11151E+01 |
 |      100 |       2.14356E+01 |
 |      101 |       2.14110E+01 |
 |      102 |       2.14487E+01 |
 |      103 |       2.15490E+01 |
 |      104 |       2.12392E+01 |
 |      105 |       1.96330E+01 |
 |      106 |       1.57591E+01 |
 |      107 |       1.45699E+01 |
 |      108 |       1.89409E+01 |
 |      109 |       2.07832E+01 |
 |      110 |       2.14310E+01 |
 |      111 |       2.16051E+01 |
 |      112 |       2.16329E+01 |
 |      113 |       2.14907E+01 |
 |      114 |       2.08363E+01 |
 |      115 |       1.89379E+01 |
 |      116 |       1.44901E+01 |
 |      117 |       1.55746E+01 |
 |      118 |       1.85947E+01 |
 |      119 |       2.02226E+01 |
 |      120 |       2.09658E+01 |
 |      121 |       2.12384E+01 |
 |      122 |       2.12479E+01 |
 |      123 |       2.09878E+01 |
 |      124 |       2.02309E+01 |
 |      125 |       1.85628E+01 |
 |      126 |       1.55201E+01 |
 |      127 |       1.76278E+01 |
 |      128 |       1.83620E+01 |
 |      129 |       1.95005E+01 |
 |      130 |       2.01717E+01 |
 |      131 |       2.04587E+01 |
 |      132 |       2.04604E+01 |
 |      133 |       2.01709E+01 |
 |      134 |       1.94851E+01 |
 |      135 |       1.83246E+01 |
 |      136 |       1.75694E+01 |
 |      137 |       1.93116E+01 |
 |      138 |       1.84220E+01 |
 |      139 |       1.88313E+01 |
 |      140 |       1.92661E+01 |
 |      141 |       1.94947E+01 |
 |      142 |       1.94917E+01 |
 |      143 |       1.92551E+01 |
 |      144 |       1.88082E+01 |
 |      145 |       1.83833E+01 |
 |      146 |       1.92736E+01 |
 |      147 |       1.99545E+01 |
 |      148 |       1.86037E+01 |
 |      149 |       1.83370E+01 |
 |      150 |       1.84449E+01 |
 |      151 |       1.85519E+01 |
 |      152 |       1.85474E+01 |
 |      153 |       1.84309E+01 |
 |      154 |       1.83120E+01 |
 |      155 |       1.85709E+01 |
 |      156 |       1.99170E+01 |
 |      157 |       2.02391E+01 |
 |      158 |       1.86384E+01 |
 |      159 |       1.79898E+01 |
 |      160 |       1.77933E+01 |
 |      161 |       1.77570E+01 |
 |      162 |       1.77525E+01 |
 |      163 |       1.77794E+01 |
 |      164 |       1.79681E+01 |
 |      165 |       1.86112E+01 |
 |      166 |       2.02142E+01 |
 |      167 |       2.00837E+01 |
 |      168 |       1.85561E+01 |
 |      169 |       1.77101E+01 |
 |      170 |       1.73020E+01 |
 |      171 |       1.71471E+01 |
 |      172 |       1.71430E+01 |
 |      173 |       1.72904E+01 |
 |      174 |       1.76919E+01 |
 |      175 |       1.85350E+01 |
 |      176 |       2.00603E+01 |
 |      177 |       1.97304E+01 |
 |      178 |       1.83475E+01 |
 |      179 |       1.74499E+01 |
 |      180 |       1.69294E+01 |
 |      181 |       1.67005E+01 |
 |      182 |       1.66973E+01 |
 |      183 |       1.69200E+01 |
 |      184 |       1.74360E+01 |
 |      185 |       1.83311E+01 |
 |      186 |       1.97151E+01 |
 |      187 |       1.93512E+01 |
 |      188 |       1.80841E+01 |
 |      189 |       1.71974E+01 |
 |      190 |       1.66415E+01 |
 |      191 |       1.63777E+01 |
 |      192 |       1.63751E+01 |
 |      193 |       1.66344E+01 |
 |      194 |       1.71868E+01 |
 |      195 |       1.80720E+01 |
 |      196 |       1.93389E+01 |
 |      197 |       1.90100E+01 |
 |      198 |       1.78191E+01 |
 |      199 |       1.69765E+01 |
 |      200 |       1.64185E+01 |
 |      201 |       1.61457E+01 |
 |      202 |       1.61439E+01 |
 |      203 |       1.64132E+01 |
 |      204 |       1.69689E+01 |
 |      205 |       1.78106E+01 |
 |      206 |       1.90029E+01 |
 |      207 |       1.87088E+01 |
 |      208 |       1.76185E+01 |
 |      209 |       1.67965E+01 |
 |      210 |       1.62538E+01 |
 |      211 |       1.59842E+01 |
 |      212 |       1.59829E+01 |
 |      213 |       1.62501E+01 |
 |      214 |       1.67910E+01 |
 |      215 |       1.76123E+01 |
 |      216 |       1.87033E+01 |
 |      217 |       1.84761E+01 |
 |      218 |       1.74488E+01 |
 |      219 |       1.66669E+01 |
 |      220 |       1.61436E+01 |
 |      221 |       1.58830E+01 |
 |      222 |       1.58821E+01 |
 |      223 |       1.61410E+01 |
 |      224 |       1.66631E+01 |
 |      225 |       1.74445E+01 |
 |      226 |       1.84726E+01 |
 |      227 |       1.83566E+01 |
 |      228 |       1.73424E+01 |
 |      229 |       1.65867E+01 |
 |      230 |       1.60877E+01 |
 |      231 |       1.58387E+01 |
 |      232 |       1.58380E+01 |
 |      233 |       1.60860E+01 |
 |      234 |       1.65841E+01 |
 |      235 |       1.73395E+01 |
 |      236 |       1.83533E+01 |
 |      237 |       1.82787E+01 |
 |      238 |       1.72880E+01 |
 |      239 |       1.65634E+01 |
 |      240 |       1.60873E+01 |
 |      241 |       1.58519E+01 |
 |      242 |       1.58515E+01 |
 |      243 |       1.60861E+01 |
 |      244 |       1.65616E+01 |
 |      245 |       1.72858E+01 |
 |      246 |       1.82764E+01 |
 |      247 |       1.82520E+01 |
 |      248 |       1.72910E+01 |
 |      249 |       1.65929E+01 |
 |      250 |       1.61446E+01 |
 |      251 |       1.59264E+01 |
 |      252 |       1.59261E+01 |
 |      253 |       1.61437E+01 |
 |      254 |       1.65915E+01 |
 |      255 |       1.72893E+01 |
 |      256 |       1.82502E+01 |
 |      257 |       1.82570E+01 |
 |      258 |       1.73296E+01 |
 |      259 |       1.66684E+01 |
 |      260 |       1.62611E+01 |
 |      261 |       1.60700E+01 |
 |      262 |       1.60698E+01 |
 |      263 |       1.62604E+01 |
 |      264 |       1.66673E+01 |
 |      265 |       1.73282E+01 |
 |      266 |       1.82562E+01 |
 |      267 |       1.83218E+01 |
 |      268 |       1.73801E+01 |
 |      269 |       1.67762E+01 |
 |      270 |       1.64430E+01 |
 |      271 |       1.62980E+01 |
 |      272 |       1.62978E+01 |
 |      273 |       1.64425E+01 |
 |      274 |       1.67752E+01 |
 |      275 |       1.73786E+01 |
 |      276 |       1.83207E+01 |
 |      277 |       1.83267E+01 |
 |      278 |       1.73959E+01 |
 |      279 |       1.69134E+01 |
 |      280 |       1.67049E+01 |
 |      281 |       1.66356E+01 |
 |      282 |       1.66354E+01 |
 |      283 |       1.67044E+01 |
 |      284 |       1.69126E+01 |
 |      285 |       1.73948E+01 |
 |      286 |       1.83249E+01 |
 |      287 |       1.82923E+01 |
 |      288 |       1.73492E+01 |
 |      289 |       1.70863E+01 |
 |      290 |       1.70750E+01 |
 |      291 |       1.71110E+01 |
 |      292 |       1.71109E+01 |
 |      293 |       1.70745E+01 |
 |      294 |       1.70856E+01 |
 |      295 |       1.73482E+01 |
 |      296 |       1.82907E+01 |
 |      297 |       1.79387E+01 |
 |      298 |       1.71900E+01 |
 |      299 |       1.73313E+01 |
 |      300 |       1.75809E+01 |
 |      301 |       1.77394E+01 |
 |      302 |       1.77392E+01 |
 |      303 |       1.75804E+01 |
 |      304 |       1.73305E+01 |
 |      305 |       1.71886E+01 |
 |      306 |       1.79386E+01 |
 |      307 |       1.68636E+01 |
 |      308 |       1.70055E+01 |
 |      309 |       1.76843E+01 |
 |      310 |       1.82211E+01 |
 |      311 |       1.84972E+01 |
 |      312 |       1.84971E+01 |
 |      313 |       1.82206E+01 |
 |      314 |       1.76834E+01 |
 |      315 |       1.70041E+01 |
 |      316 |       1.68631E+01 |
 |      317 |       1.52881E+01 |
 |      318 |       1.68733E+01 |
 |      319 |       1.81393E+01 |
 |      320 |       1.89313E+01 |
 |      321 |       1.93067E+01 |
 |      322 |       1.93065E+01 |
 |      323 |       1.89308E+01 |
 |      324 |       1.81385E+01 |
 |      325 |       1.68719E+01 |
 |      326 |       1.52869E+01 |
 |      327 |       1.39005E+01 |
 |      328 |       1.68274E+01 |
 |      329 |       1.85915E+01 |
 |      330 |       1.95934E+01 |
 |      331 |       2.00449E+01 |
 |      332 |       2.00448E+01 |
 |      333 |       1.95930E+01 |
 |      334 |       1.85908E+01 |
 |      335 |       1.68258E+01 |
 |      336 |       1.38963E+01 |
 |      337 |       1.31885E+01 |
 |      338 |       1.68559E+01 |
 |      339 |       1.89353E+01 |
 |      340 |       2.00762E+01 |
 |      341 |       2.05812E+01 |
 |      342 |       2.05811E+01 |
 |      343 |       2.00758E+01 |
 |      344 |       1.89347E+01 |
 |      345 |       1.68541E+01 |
 |      346 |       1.31820E+01 |
 |      347 |       1.36847E+01 |
 |      348 |       1.70354E+01 |
 |      349 |       1.91295E+01 |
 |      350 |       2.02948E+01 |
 |      351 |       2.08083E+01 |
 |      352 |       2.08083E+01 |
 |      353 |       2.02946E+01 |
 |      354 |       1.91292E+01 |
 |      355 |       1.70342E+01 |
 |      356 |       1.36790E+01 |
 |      357 |       1.50824E+01 |
 |      358 |       1.74568E+01 |
 |      359 |       1.91992E+01 |
 |      360 |       2.02122E+01 |
 |      361 |       2.06497E+01 |
 |      362 |       2.06496E+01 |
 |      363 |       2.02121E+01 |
 |      364 |       1.91991E+01 |
 |      365 |       1.74561E+01 |
 |      366 |       1.50810E+01 |
 |      367 |       1.67621E+01 |
 |      368 |       1.80449E+01 |
 |      369 |       1.91275E+01 |
 |      370 |       1.97579E+01 |
 |      371 |       2.00678E+01 |
 |      372 |       2.00678E+01 |
 |      373 |       1.97579E+01 |
 |      374 |       1.91275E+01 |
 |      375 |       1.80450E+01 |
 |      376 |       1.67631E+01 |
 |      377 |       1.85489E+01 |
 |      378 |       1.85457E+01 |
 |      379 |       1.86601E+01 |
 |      380 |       1.89082E+01 |
 |      381 |       1.90337E+01 |
 |      382 |       1.90337E+01 |
 |      383 |       1.89082E+01 |
 |      384 |       1.86604E+01 |
 |      385 |       1.85465E+01 |
 |      386 |       1.85502E+01 |
 |      387 |       1.98029E+01 |
 |      388 |       1.81395E+01 |
 |      389 |       1.76930E+01 |
 |      390 |       1.75924E+01 |
 |      391 |       1.76035E+01 |
 |      392 |       1.76035E+01 |
 |      393 |       1.75926E+01 |
 |      394 |       1.76935E+01 |
 |      395 |       1.81404E+01 |
 |      396 |       1.98050E+01 |
 |      397 |       1.82061E+01 |
 |      398 |       1.66511E+01 |
 |      399 |       1.61067E+01 |
 |      400 |       1.59766E+01 |
 |      401 |       1.59839E+01 |
 |      402 |       1.59840E+01 |
 |      403 |       1.59769E+01 |
 |      404 |       1.61073E+01 |
 |      405 |       1.66523E+01 |
 |      406 |       1.82071E+01 |
 |      407 |       1.80723E+01 |
 |      408 |       1.25730E+01 |
 |      409 |       8.63171E+00 |
 |      410 |       6.82603E+00 |
 |      411 |       5.47834E+00 |
 |      412 |       5.03828E+00 |
 |      413 |       5.05924E+00 |
 |      414 |       4.57115E+00 |
 |      415 |       4.05304E+00 |
 |      416 |       4.33510E+00 |
 |      417 |       4.24354E+00 |
 |      418 |       4.14433E+00 |
 |      419 |       3.96267E+00 |
 |      420 |       3.89775E+00 |
 |      421 |       3.77273E+00 |
 |      422 |       3.68507E+00 |
 |      423 |       3.65047E+00 |
 |      424 |       3.59676E+00 |
 |      425 |       3.54949E+00 |
 |      426 |       3.48150E+00 |
 |      427 |       3.42090E+00 |
 |      428 |       3.21171E+00 |
 |      429 |       3.14739E+00 |
 |      430 |       2.91886E+00 |
 |      431 |       2.42694E+00 |
 |      432 |       2.65711E+00 |
 |      433 |       3.80023E+00 |
 |      434 |       5.83918E+00 |
 |      435 |       8.49307E+00 |
 |      436 |       1.14675E+01 |
 |      437 |       1.46781E+01 |
 |      438 |       1.83393E+01 |
 |      439 |       2.32382E+01 |
 |      440 |       2.89945E+01 |
 |      441 |       1.80384E+01 |
 |      442 |       1.23805E+01 |
 |      443 |       8.48759E+00 |
 |      444 |       6.71050E+00 |
 |      445 |       5.38104E+00 |
 |      446 |       5.02097E+00 |
 |      447 |       5.04769E+00 |
 |      448 |       4.59085E+00 |
 |      449 |       4.07804E+00 |
 |      450 |       4.34820E+00 |
 |      451 |       4.25426E+00 |
 |      452 |       4.14692E+00 |
 |      453 |       3.96326E+00 |
 |      454 |       3.89822E+00 |
 |      455 |       3.77156E+00 |
 |      456 |       3.68348E+00 |
 |      457 |       3.64839E+00 |
 |      458 |       3.59499E+00 |
 |      459 |       3.54791E+00 |
 |      460 |       3.48047E+00 |
 |      461 |       3.41955E+00 |
 |      462 |       3.21071E+00 |
 |      463 |       3.14952E+00 |
 |      464 |       2.92372E+00 |
 |      465 |       2.42706E+00 |
 |      466 |       2.65597E+00 |
 |      467 |       3.78720E+00 |
 |      468 |       5.82644E+00 |
 |      469 |       8.48951E+00 |
 |      470 |       1.14687E+01 |
 |      471 |       1.46803E+01 |
 |      472 |       1.83414E+01 |
 |      473 |       2.32408E+01 |
 |      474 |       2.89966E+01 |
 |      475 |       3.40124E+01 |
 |      476 |       1.42986E+01 |
 |      477 |       3.77801E+01 |
 |      478 |       2.48274E+01 |
 |      479 |       4.34868E+01 |
 |      480 |       4.08856E+01 |
 |      481 |       4.89216E+01 |
 |      482 |       5.90633E+01 |
 |      483 |       5.05854E+01 |
 |      484 |       7.62377E+01 |
 |      485 |       4.90899E+01 |
 |      486 |       8.95152E+01 |
 |      487 |       4.77525E+01 |
 |      488 |       9.72464E+01 |
 |      489 |       5.22040E+01 |
 |      490 |       9.86002E+01 |
 |      491 |       5.90891E+01 |
 |      492 |       9.01883E+01 |
 |      493 |       6.00327E+01 |
 |      494 |       7.92522E+01 |
 |      495 |       5.63567E+01 |
 |      496 |       7.21343E+01 |
 |      497 |       5.19853E+01 |
 |      498 |       6.63170E+01 |
 |      499 |       4.77994E+01 |
 |      500 |       6.06662E+01 |
 |      501 |       4.30719E+01 |
 |      502 |       5.50498E+01 |
 |      503 |       3.90479E+01 |
 |      504 |       4.92400E+01 |
 |      505 |       3.48667E+01 |
 |      506 |       4.35217E+01 |
 |      507 |       3.06369E+01 |
 |      508 |       3.78777E+01 |
 |      509 |       2.67664E+01 |
 |      510 |       3.22870E+01 |
 |      511 |       2.27844E+01 |
 |      512 |       2.66827E+01 |
 |      513 |       1.90345E+01 |
 |      514 |       2.10514E+01 |
 |      515 |       1.56220E+01 |
 |      516 |       1.55150E+01 |
 |      517 |       1.26942E+01 |
 |      518 |       1.00387E+01 |
 |      519 |       1.07310E+01 |
 |      520 |       4.85023E+00 |
 |      521 |       1.03723E+01 |
 |      522 |       3.01425E+00 |
 |      523 |       1.16829E+01 |
 |      524 |       7.59291E+00 |
 |      525 |       1.42206E+01 |
 |      526 |       1.30032E+01 |
 |      527 |       1.75026E+01 |
 |      528 |       1.85935E+01 |
 |      529 |       2.12144E+01 |
 |      530 |       2.41864E+01 |
 |      531 |       2.50611E+01 |
 |      532 |       2.97175E+01 |
 |      533 |       2.90787E+01 |
 |      534 |       3.52459E+01 |
 |      535 |       3.30947E+01 |
 |      536 |       4.08417E+01 |
 |      537 |       3.72532E+01 |
 |      538 |       4.66778E+01 |
 |      539 |       4.12587E+01 |
 |      540 |       5.30732E+01 |
 |      541 |       4.32453E+01 |
 |      542 |       6.12467E+01 |
 |      543 |       4.18736E+01 |
 |      544 |       6.87186E+01 |
 |      545 |       4.04894E+01 |
 |      546 |       7.10584E+01 |
 |      547 |       4.00277E+01 |
 |      548 |       6.82458E+01 |
 |      549 |       3.94119E+01 |
 |      550 |       6.11449E+01 |
 |      551 |       3.74130E+01 |
 |      552 |       5.10868E+01 |
 |      553 |       3.34688E+01 |
 |      554 |       3.98424E+01 |
 |      555 |       2.77449E+01 |
 |      556 |       2.88059E+01 |
 |      557 |       2.16296E+01 |
 |      558 |       1.90185E+01 |
 |      559 |       1.53399E+01 |
 |      560 |       1.12042E+01 |
 |      561 |       9.72028E+00 |
 |      562 |       5.71315E+00 |
 |      563 |       5.37865E+00 |
 |      564 |       2.28526E+00 |
 |      565 |       2.62158E+00 |
 |      566 |       1.16261E+00 |
 |      567 |       1.07357E+00 |
 |      568 |       7.46740E-01 |
 |      569 |       3.13892E-01 |
 |      570 |       5.07958E-01 |
 |      571 |       2.09628E-01 |
 |      572 |       4.80610E-01 |
 |      573 |       7.15294E-01 |
 |      574 |       6.37241E-01 |
 |      575 |       1.65724E+00 |
 |      576 |       8.90589E-01 |
 |      577 |       3.22276E+00 |
 |      578 |       1.32846E+00 |
 |      579 |       5.67556E+00 |
 |      580 |       2.48436E+00 |
 |      581 |       9.69272E+00 |
 |      582 |       5.71804E+00 |
 |      583 |       1.53171E+01 |
 |      584 |       1.12210E+01 |
 |      585 |       2.16520E+01 |
 |      586 |       1.90156E+01 |
 |      587 |       2.76217E+01 |
 |      588 |       2.87798E+01 |
 |      589 |       3.36535E+01 |
 |      590 |       3.98394E+01 |
 |      591 |       3.73256E+01 |
 |      592 |       5.12721E+01 |
 |      593 |       3.96903E+01 |
 |      594 |       6.12181E+01 |
 |      595 |       4.02704E+01 |
 |      596 |       6.83698E+01 |
 |      597 |       4.06022E+01 |
 |      598 |       7.12173E+01 |
 |      599 |       4.19289E+01 |
 |      600 |       6.88609E+01 |
 |      601 |       4.32837E+01 |
 |      602 |       6.13510E+01 |
 |      603 |       4.13088E+01 |
 |      604 |       5.31392E+01 |
 |      605 |       3.72920E+01 |
 |      606 |       4.67315E+01 |
 |      607 |       3.31259E+01 |
 |      608 |       4.08788E+01 |
 |      609 |       2.91030E+01 |
 |      610 |       3.52691E+01 |
 |      611 |       2.50770E+01 |
 |      612 |       2.97299E+01 |
 |      613 |       2.12255E+01 |
 |      614 |       2.41850E+01 |
 |      615 |       1.75077E+01 |
 |      616 |       1.85788E+01 |
 |      617 |       1.42233E+01 |
 |      618 |       1.29761E+01 |
 |      619 |       1.16910E+01 |
 |      620 |       7.55540E+00 |
 |      621 |       1.03935E+01 |
 |      622 |       2.99351E+00 |
 |      623 |       1.07706E+01 |
 |      624 |       4.91421E+00 |
 |      625 |       1.27519E+01 |
 |      626 |       1.01215E+01 |
 |      627 |       1.56910E+01 |
 |      628 |       1.56125E+01 |
 |      629 |       1.91169E+01 |
 |      630 |       2.11617E+01 |
 |      631 |       2.28741E+01 |
 |      632 |       2.68075E+01 |
 |      633 |       2.68682E+01 |
 |      634 |       3.24248E+01 |
 |      635 |       3.07484E+01 |
 |      636 |       3.80283E+01 |
 |      637 |       3.49849E+01 |
 |      638 |       4.36869E+01 |
 |      639 |       3.91789E+01 |
 |      640 |       4.94177E+01 |
 |      641 |       4.32113E+01 |
 |      642 |       5.52410E+01 |
 |      643 |       4.79523E+01 |
 |      644 |       6.08718E+01 |
 |      645 |       5.21436E+01 |
 |      646 |       6.65365E+01 |
 |      647 |       5.65318E+01 |
 |      648 |       7.23671E+01 |
 |      649 |       6.02006E+01 |
 |      650 |       7.95090E+01 |
 |      651 |       5.92483E+01 |
 |      652 |       9.04877E+01 |
 |      653 |       5.23404E+01 |
 |      654 |       9.89329E+01 |
 |      655 |       4.79299E+01 |
 |      656 |       9.75726E+01 |
 |      657 |       4.94042E+01 |
 |      658 |       8.97682E+01 |
 |      659 |       5.10902E+01 |
 |      660 |       7.63212E+01 |
 |      661 |       4.94323E+01 |
 |      662 |       5.88994E+01 |
 |      663 |       4.37529E+01 |
 |      664 |       4.03517E+01 |
 |      665 |       3.64837E+01 |
 |      666 |       2.11771E+01 |
 |      667 |       3.23175E+01 |
 |      668 |       9.70307E+00 |
 |      669 |       3.23281E+01 |
 |      670 |       9.71401E+00 |
 |      671 |       3.64998E+01 |
 |      672 |       2.12237E+01 |
 |      673 |       4.37204E+01 |
 |      674 |       4.05171E+01 |
 |      675 |       4.94198E+01 |
 |      676 |       5.89785E+01 |
 |      677 |       5.03578E+01 |
 |      678 |       7.62876E+01 |
 |      679 |       4.93947E+01 |
 |      680 |       8.95440E+01 |
 |      681 |       4.81629E+01 |
 |      682 |       9.73895E+01 |
 |      683 |       5.24628E+01 |
 |      684 |       9.87884E+01 |
 |      685 |       5.93207E+01 |
 |      686 |       9.04477E+01 |
 |      687 |       6.01923E+01 |
 |      688 |       7.95265E+01 |
 |      689 |       5.65352E+01 |
 |      690 |       7.23730E+01 |
 |      691 |       5.21346E+01 |
 |      692 |       6.65413E+01 |
 |      693 |       4.79481E+01 |
 |      694 |       6.08711E+01 |
 |      695 |       4.32107E+01 |
 |      696 |       5.52408E+01 |
 |      697 |       3.91756E+01 |
 |      698 |       4.94184E+01 |
 |      699 |       3.49851E+01 |
 |      700 |       4.36862E+01 |
 |      701 |       3.07491E+01 |
 |      702 |       3.80299E+01 |
 |      703 |       2.68681E+01 |
 |      704 |       3.24271E+01 |
 |      705 |       2.28752E+01 |
 |      706 |       2.68110E+01 |
 |      707 |       1.91188E+01 |
 |      708 |       2.11659E+01 |
 |      709 |       1.56921E+01 |
 |      710 |       1.56178E+01 |
 |      711 |       1.27527E+01 |
 |      712 |       1.01276E+01 |
 |      713 |       1.07697E+01 |
 |      714 |       4.92042E+00 |
 |      715 |       1.03900E+01 |
 |      716 |       2.98783E+00 |
 |      717 |       1.16852E+01 |
 |      718 |       7.54510E+00 |
 |      719 |       1.42162E+01 |
 |      720 |       1.29646E+01 |
 |      721 |       1.74993E+01 |
 |      722 |       1.85658E+01 |
 |      723 |       2.12151E+01 |
 |      724 |       2.41707E+01 |
 |      725 |       2.50671E+01 |
 |      726 |       2.97140E+01 |
 |      727 |       2.90928E+01 |
 |      728 |       3.52543E+01 |
 |      729 |       3.31148E+01 |
 |      730 |       4.08627E+01 |
 |      731 |       3.72827E+01 |
 |      732 |       4.67112E+01 |
 |      733 |       4.12964E+01 |
 |      734 |       5.31204E+01 |
 |      735 |       4.32895E+01 |
 |      736 |       6.13108E+01 |
 |      737 |       4.19191E+01 |
 |      738 |       6.87997E+01 |
 |      739 |       4.05323E+01 |
 |      740 |       7.11490E+01 |
 |      741 |       4.00706E+01 |
 |      742 |       6.83414E+01 |
 |      743 |       3.94604E+01 |
 |      744 |       6.12339E+01 |
 |      745 |       3.74606E+01 |
 |      746 |       5.11713E+01 |
 |      747 |       3.35179E+01 |
 |      748 |       3.99080E+01 |
 |      749 |       2.78146E+01 |
 |      750 |       2.88519E+01 |
 |      751 |       2.16438E+01 |
 |      752 |       1.90548E+01 |
 |      753 |       1.53645E+01 |
 |      754 |       1.12555E+01 |
 |      755 |       9.75788E+00 |
 |      756 |       5.76027E+00 |
 |      757 |       5.70806E+00 |
 |      758 |       2.50741E+00 |
 |      759 |       3.22780E+00 |
 |      760 |       1.33261E+00 |
 |      761 |       1.64654E+00 |
 |      762 |       8.98139E-01 |
 |      763 |       7.02796E-01 |
 |      764 |       6.49385E-01 |
 |      765 |       2.10317E-01 |
 |      766 |       4.91565E-01 |
 |      767 |       2.32471E-01 |
 |      768 |       4.98399E-01 |
 |      769 |       7.53134E-01 |
 |      770 |       6.65369E-01 |
 |      771 |       1.68759E+00 |
 |      772 |       9.17199E-01 |
 |      773 |       3.29228E+00 |
 |      774 |       1.34466E+00 |
 |      775 |       5.72980E+00 |
 |      776 |       2.51919E+00 |
 |      777 |       9.73217E+00 |
 |      778 |       5.73993E+00 |
 |      779 |       1.53304E+01 |
 |      780 |       1.12225E+01 |
 |      781 |       2.16049E+01 |
 |      782 |       1.90052E+01 |
 |      783 |       2.77748E+01 |
 |      784 |       2.87911E+01 |
 |      785 |       3.34739E+01 |
 |      786 |       3.98368E+01 |
 |      787 |       3.74158E+01 |
 |      788 |       5.10906E+01 |
 |      789 |       3.94163E+01 |
 |      790 |       6.11458E+01 |
 |      791 |       4.00268E+01 |
 |      792 |       6.82514E+01 |
 |      793 |       4.04892E+01 |
 |      794 |       7.10634E+01 |
 |      795 |       4.18767E+01 |
 |      796 |       6.87210E+01 |
 |      797 |       4.32466E+01 |
 |      798 |       6.12470E+01 |
 |      799 |       4.12571E+01 |
 |      800 |       5.30732E+01 |
 |      801 |       3.72544E+01 |
 |      802 |       4.66765E+01 |
 |      803 |       3.30959E+01 |
 |      804 |       4.08388E+01 |
 |      805 |       2.90748E+01 |
 |      806 |       3.52425E+01 |
 |      807 |       2.50573E+01 |
 |      808 |       2.97124E+01 |
 |      809 |       2.12088E+01 |
 |      810 |       2.41799E+01 |
 |      811 |       1.74992E+01 |
 |      812 |       1.85857E+01 |
 |      813 |       1.42170E+01 |
 |      814 |       1.29954E+01 |
 |      815 |       1.16804E+01 |
 |      816 |       7.58467E+00 |
 |      817 |       1.03725E+01 |
 |      818 |       3.00870E+00 |
 |      819 |       1.07335E+01 |
 |      820 |       4.85857E+00 |
 |      821 |       1.26992E+01 |
 |      822 |       1.00486E+01 |
 |      823 |       1.56287E+01 |
 |      824 |       1.55258E+01 |
 |      825 |       1.90401E+01 |
 |      826 |       2.10635E+01 |
 |      827 |       2.27925E+01 |
 |      828 |       2.66949E+01 |
 |      829 |       2.67741E+01 |
 |      830 |       3.22998E+01 |
 |      831 |       3.06496E+01 |
 |      832 |       3.78913E+01 |
 |      833 |       3.48769E+01 |
 |      834 |       4.35371E+01 |
 |      835 |       3.90595E+01 |
 |      836 |       4.92562E+01 |
 |      837 |       4.30866E+01 |
 |      838 |       5.50676E+01 |
 |      839 |       4.78183E+01 |
 |      840 |       6.06848E+01 |
 |      841 |       5.20020E+01 |
 |      842 |       6.63349E+01 |
 |      843 |       5.63758E+01 |
 |      844 |       7.21516E+01 |
 |      845 |       6.00397E+01 |
 |      846 |       7.92733E+01 |
 |      847 |       5.91030E+01 |
 |      848 |       9.02087E+01 |
 |      849 |       5.22227E+01 |
 |      850 |       9.86205E+01 |
 |      851 |       4.77702E+01 |
 |      852 |       9.72626E+01 |
 |      853 |       4.91063E+01 |
 |      854 |       8.95245E+01 |
 |      855 |       5.06080E+01 |
 |      856 |       7.62366E+01 |
 |      857 |       4.89493E+01 |
 |      858 |       5.90510E+01 |
 |      859 |       4.35082E+01 |
 |      860 |       4.08524E+01 |
 |      861 |       3.77887E+01 |
 |      862 |       2.48007E+01 |
 |      863 |       3.40330E+01 |
 |      864 |       1.42542E+01 |
 |      865 |       3.18073E+01 |
 |      866 |       2.29555E+01 |
 |      867 |       1.95038E+01 |
 |      868 |       1.99155E+01 |
 |      869 |       2.00281E+01 |
 |      870 |       2.00286E+01 |
 |      871 |       1.99267E+01 |
 |      872 |       1.95324E+01 |
 |      873 |       2.30461E+01 |
 |      874 |       3.19472E+01 |
 |      875 |       2.44050E+01 |
 |      876 |       2.26441E+01 |
 |      877 |       2.06514E+01 |
 |      878 |       2.00960E+01 |
 |      879 |       2.01152E+01 |
 |      880 |       2.01204E+01 |
 |      881 |       2.01133E+01 |
 |      882 |       2.06569E+01 |
 |      883 |       2.26377E+01 |
 |      884 |       2.42637E+01 |
 |      885 |       1.90521E+01 |
 |      886 |       2.09537E+01 |
 |      887 |       2.12721E+01 |
 |      888 |       2.09643E+01 |
 |      889 |       2.07928E+01 |
 |      890 |       2.07984E+01 |
 |      891 |       2.09798E+01 |
 |      892 |       2.12940E+01 |
 |      893 |       2.10233E+01 |
 |      894 |       1.93488E+01 |
 |      895 |       1.61132E+01 |
 |      896 |       1.96326E+01 |
 |      897 |       2.11497E+01 |
 |      898 |       2.14715E+01 |
 |      899 |       2.14408E+01 |
 |      900 |       2.14453E+01 |
 |      901 |       2.14854E+01 |
 |      902 |       2.11711E+01 |
 |      903 |       1.96833E+01 |
 |      904 |       1.63244E+01 |
 |      905 |       1.46764E+01 |
 |      906 |       1.89763E+01 |
 |      907 |       2.08051E+01 |
 |      908 |       2.14452E+01 |
 |      909 |       2.16098E+01 |
 |      910 |       2.16127E+01 |
 |      911 |       2.14531E+01 |
 |      912 |       2.08075E+01 |
 |      913 |       1.89603E+01 |
 |      914 |       1.47951E+01 |
 |      915 |       1.56516E+01 |
 |      916 |       1.86431E+01 |
 |      917 |       2.02337E+01 |
 |      918 |       2.09668E+01 |
 |      919 |       2.12286E+01 |
 |      920 |       2.12299E+01 |
 |      921 |       2.09686E+01 |
 |      922 |       2.02285E+01 |
 |      923 |       1.86434E+01 |
 |      924 |       1.57698E+01 |
 |      925 |       1.76747E+01 |
 |      926 |       1.83994E+01 |
 |      927 |       1.95140E+01 |
 |      928 |       2.01676E+01 |
 |      929 |       2.04479E+01 |
 |      930 |       2.04479E+01 |
 |      931 |       2.01671E+01 |
 |      932 |       1.95117E+01 |
 |      933 |       1.83989E+01 |
 |      934 |       1.76897E+01 |
 |      935 |       1.93398E+01 |
 |      936 |       1.84431E+01 |
 |      937 |       1.88391E+01 |
 |      938 |       1.92627E+01 |
 |      939 |       1.94857E+01 |
 |      940 |       1.94854E+01 |
 |      941 |       1.92615E+01 |
 |      942 |       1.88349E+01 |
 |      943 |       1.84295E+01 |
 |      944 |       1.93240E+01 |
 |      945 |       1.99893E+01 |
 |      946 |       1.86181E+01 |
 |      947 |       1.83409E+01 |
 |      948 |       1.84409E+01 |
 |      949 |       1.85455E+01 |
 |      950 |       1.85447E+01 |
 |      951 |       1.84381E+01 |
 |      952 |       1.83345E+01 |
 |      953 |       1.86084E+01 |
 |      954 |       1.99753E+01 |
 |      955 |       2.02577E+01 |
 |      956 |       1.86509E+01 |
 |      957 |       1.79917E+01 |
 |      958 |       1.77892E+01 |
 |      959 |       1.77514E+01 |
 |      960 |       1.77503E+01 |
 |      961 |       1.77855E+01 |
 |      962 |       1.79848E+01 |
 |      963 |       1.86404E+01 |
 |      964 |       2.02491E+01 |
 |      965 |       2.01122E+01 |
 |      966 |       1.85665E+01 |
 |      967 |       1.77114E+01 |
 |      968 |       1.72976E+01 |
 |      969 |       1.71414E+01 |
 |      970 |       1.71401E+01 |
 |      971 |       1.72936E+01 |
 |      972 |       1.77049E+01 |
 |      973 |       1.85584E+01 |
 |      974 |       2.01057E+01 |
 |      975 |       1.97493E+01 |
 |      976 |       1.83568E+01 |
 |      977 |       1.74504E+01 |
 |      978 |       1.69248E+01 |
 |      979 |       1.66943E+01 |
 |      980 |       1.66930E+01 |
 |      981 |       1.69211E+01 |
 |      982 |       1.74446E+01 |
 |      983 |       1.83500E+01 |
 |      984 |       1.97432E+01 |
 |      985 |       1.93748E+01 |
 |      986 |       1.80933E+01 |
 |      987 |       1.71978E+01 |
 |      988 |       1.66364E+01 |
 |      989 |       1.63708E+01 |
 |      990 |       1.63697E+01 |
 |      991 |       1.66332E+01 |
 |      992 |       1.71929E+01 |
 |      993 |       1.80874E+01 |
 |      994 |       1.93691E+01 |
 |      995 |       1.90274E+01 |
 |      996 |       1.78268E+01 |
 |      997 |       1.69763E+01 |
 |      998 |       1.64132E+01 |
 |      999 |       1.61383E+01 |
 |     1000 |       1.61373E+01 |
 |     1001 |       1.64105E+01 |
 |     1002 |       1.69721E+01 |
 |     1003 |       1.78218E+01 |
 |     1004 |       1.90220E+01 |
 |     1005 |       1.87291E+01 |
 |     1006 |       1.76259E+01 |
 |     1007 |       1.67959E+01 |
 |     1008 |       1.62480E+01 |
 |     1009 |       1.59763E+01 |
 |     1010 |       1.59755E+01 |
 |     1011 |       1.62458E+01 |
 |     1012 |       1.67924E+01 |
 |     1013 |       1.76215E+01 |
 |     1014 |       1.87242E+01 |
 |     1015 |       1.84902E+01 |
 |     1016 |       1.74547E+01 |
 |     1017 |       1.66655E+01 |
 |     1018 |       1.61374E+01 |
 |     1019 |       1.58746E+01 |
 |     1020 |       1.58739E+01 |
 |     1021 |       1.61356E+01 |
 |     1022 |       1.66626E+01 |
 |     1023 |       1.74510E+01 |
 |     1024 |       1.84857E+01 |
 |     1025 |       1.83734E+01 |
 |     1026 |       1.73475E+01 |
 |     1027 |       1.65848E+01 |
 |     1028 |       1.60811E+01 |
 |     1029 |       1.58298E+01 |
 |     1030 |       1.58292E+01 |
 |     1031 |       1.60796E+01 |
 |     1032 |       1.65823E+01 |
 |     1033 |       1.73443E+01 |
 |     1034 |       1.83691E+01 |
 |     1035 |       1.82907E+01 |
 |     1036 |       1.72921E+01 |
 |     1037 |       1.65609E+01 |
 |     1038 |       1.60803E+01 |
 |     1039 |       1.58426E+01 |
 |     1040 |       1.58422E+01 |
 |     1041 |       1.60791E+01 |
 |     1042 |       1.65589E+01 |
 |     1043 |       1.72895E+01 |
 |     1044 |       1.82868E+01 |
 |     1045 |       1.82664E+01 |
 |     1046 |       1.72948E+01 |
 |     1047 |       1.65901E+01 |
 |     1048 |       1.61372E+01 |
 |     1049 |       1.59169E+01 |
 |     1050 |       1.59166E+01 |
 |     1051 |       1.61363E+01 |
 |     1052 |       1.65885E+01 |
 |     1053 |       1.72927E+01 |
 |     1054 |       1.82630E+01 |
 |     1055 |       1.82693E+01 |
 |     1056 |       1.73324E+01 |
 |     1057 |       1.66651E+01 |
 |     1058 |       1.62535E+01 |
 |     1059 |       1.60604E+01 |
 |     1060 |       1.60602E+01 |
 |     1061 |       1.62530E+01 |
 |     1062 |       1.66639E+01 |
 |     1063 |       1.73308E+01 |
 |     1064 |       1.82658E+01 |
 |     1065 |       1.83353E+01 |
 |     1066 |       1.73825E+01 |
 |     1067 |       1.67726E+01 |
 |     1068 |       1.64353E+01 |
 |     1069 |       1.62885E+01 |
 |     1070 |       1.62885E+01 |
 |     1071 |       1.64351E+01 |
 |     1072 |       1.67719E+01 |
 |     1073 |       1.73815E+01 |
 |     1074 |       1.83326E+01 |
 |     1075 |       1.83387E+01 |
 |     1076 |       1.73977E+01 |
 |     1077 |       1.69095E+01 |
 |     1078 |       1.66972E+01 |
 |     1079 |       1.66264E+01 |
 |     1080 |       1.66265E+01 |
 |     1081 |       1.66975E+01 |
 |     1082 |       1.69094E+01 |
 |     1083 |       1.73974E+01 |
 |     1084 |       1.83348E+01 |
 |     1085 |       1.83135E+01 |
 |     1086 |       1.73511E+01 |
 |     1087 |       1.70821E+01 |
 |     1088 |       1.70677E+01 |
 |     1089 |       1.71027E+01 |
 |     1090 |       1.71028E+01 |
 |     1091 |       1.70682E+01 |
 |     1092 |       1.70827E+01 |
 |     1093 |       1.73510E+01 |
 |     1094 |       1.83021E+01 |
 |     1095 |       1.79697E+01 |
 |     1096 |       1.71900E+01 |
 |     1097 |       1.73274E+01 |
 |     1098 |       1.75746E+01 |
 |     1099 |       1.77322E+01 |
 |     1100 |       1.77323E+01 |
 |     1101 |       1.75750E+01 |
 |     1102 |       1.73281E+01 |
 |     1103 |       1.71914E+01 |
 |     1104 |       1.79473E+01 |
 |     1105 |       1.68786E+01 |
 |     1106 |       1.70043E+01 |
 |     1107 |       1.76814E+01 |
 |     1108 |       1.82160E+01 |
 |     1109 |       1.84915E+01 |
 |     1110 |       1.84916E+01 |
 |     1111 |       1.82163E+01 |
 |     1112 |       1.76814E+01 |
 |     1113 |       1.70066E+01 |
 |     1114 |       1.68739E+01 |
 |     1115 |       1.52871E+01 |
 |     1116 |       1.68747E+01 |
 |     1117 |       1.81356E+01 |
 |     1118 |       1.89271E+01 |
 |     1119 |       1.93024E+01 |
 |     1120 |       1.93024E+01 |
 |     1121 |       1.89275E+01 |
 |     1122 |       1.81368E+01 |
 |     1123 |       1.68733E+01 |
 |     1124 |       1.52940E+01 |
 |     1125 |       1.39085E+01 |
 |     1126 |       1.68182E+01 |
 |     1127 |       1.85866E+01 |
 |     1128 |       1.95899E+01 |
 |     1129 |       2.00415E+01 |
 |     1130 |       2.00418E+01 |
 |     1131 |       1.95906E+01 |
 |     1132 |       1.85892E+01 |
 |     1133 |       1.68262E+01 |
 |     1134 |       1.39028E+01 |
 |     1135 |       1.31650E+01 |
 |     1136 |       1.68448E+01 |
 |     1137 |       1.89311E+01 |
 |     1138 |       2.00728E+01 |
 |     1139 |       2.05786E+01 |
 |     1140 |       2.05789E+01 |
 |     1141 |       2.00740E+01 |
 |     1142 |       1.89330E+01 |
 |     1143 |       1.68527E+01 |
 |     1144 |       1.31829E+01 |
 |     1145 |       1.36672E+01 |
 |     1146 |       1.70318E+01 |
 |     1147 |       1.91253E+01 |
 |     1148 |       2.02917E+01 |
 |     1149 |       2.08061E+01 |
 |     1150 |       2.08066E+01 |
 |     1151 |       2.02931E+01 |
 |     1152 |       1.91269E+01 |
 |     1153 |       1.70305E+01 |
 |     1154 |       1.36740E+01 |
 |     1155 |       1.50862E+01 |
 |     1156 |       1.74462E+01 |
 |     1157 |       1.91944E+01 |
 |     1158 |       2.02087E+01 |
 |     1159 |       2.06478E+01 |
 |     1160 |       2.06483E+01 |
 |     1161 |       2.02107E+01 |
 |     1162 |       1.91962E+01 |
 |     1163 |       1.74503E+01 |
 |     1164 |       1.50682E+01 |
 |     1165 |       1.67584E+01 |
 |     1166 |       1.80377E+01 |
 |     1167 |       1.91219E+01 |
 |     1168 |       1.97552E+01 |
 |     1169 |       2.00666E+01 |
 |     1170 |       2.00672E+01 |
 |     1171 |       1.97567E+01 |
 |     1172 |       1.91244E+01 |
 |     1173 |       1.80376E+01 |
 |     1174 |       1.67487E+01 |
 |     1175 |       1.85411E+01 |
 |     1176 |       1.85381E+01 |
 |     1177 |       1.86583E+01 |
 |     1178 |       1.89070E+01 |
 |     1179 |       1.90338E+01 |
 |     1180 |       1.90339E+01 |
 |     1181 |       1.89075E+01 |
 |     1182 |       1.86572E+01 |
 |     1183 |       1.85386E+01 |
 |     1184 |       1.85347E+01 |
 |     1185 |       1.97850E+01 |
 |     1186 |       1.81376E+01 |
 |     1187 |       1.76929E+01 |
 |     1188 |       1.75937E+01 |
 |     1189 |       1.76052E+01 |
 |     1190 |       1.76049E+01 |
 |     1191 |       1.75926E+01 |
 |     1192 |       1.76908E+01 |
 |     1193 |       1.81332E+01 |
 |     1194 |       1.97915E+01 |
 |     1195 |       1.81922E+01 |
 |     1196 |       1.66455E+01 |
 |     1197 |       1.61062E+01 |
 |     1198 |       1.59789E+01 |
 |     1199 |       1.59867E+01 |
 |     1200 |       1.59866E+01 |
 |     1201 |       1.59779E+01 |
 |     1202 |       1.61053E+01 |
 |     1203 |       1.66460E+01 |
 |     1204 |       1.81960E+01 |
 |     1205 |       1.77492E+01 |
 |     1206 |       1.20655E+01 |
 |     1207 |       8.42682E+00 |
 |     1208 |       7.10140E+00 |
 |     1209 |       5.89088E+00 |
 |     1210 |       5.33125E+00 |
 |     1211 |       5.11861E+00 |
 |     1212 |       4.68879E+00 |
 |     1213 |       4.11950E+00 |
 |     1214 |       4.41803E+00 |
 |     1215 |       4.30418E+00 |
 |     1216 |       4.19706E+00 |
 |     1217 |       4.00654E+00 |
 |     1218 |       3.93469E+00 |
 |     1219 |       3.80291E+00 |
 |     1220 |       3.70725E+00 |
 |     1221 |       3.66980E+00 |
 |     1222 |       3.61149E+00 |
 |     1223 |       3.56350E+00 |
 |     1224 |       3.49368E+00 |
 |     1225 |       3.43434E+00 |
 |     1226 |       3.22522E+00 |
 |     1227 |       3.15993E+00 |
 |     1228 |       2.93358E+00 |
 |     1229 |       2.43506E+00 |
 |     1230 |       2.65497E+00 |
 |     1231 |       3.78897E+00 |
 |     1232 |       5.82011E+00 |
 |     1233 |       8.47025E+00 |
 |     1234 |       1.14453E+01 |
 |     1235 |       1.46562E+01 |
 |     1236 |       1.83191E+01 |
 |     1237 |       2.32178E+01 |
 |     1238 |       2.89756E+01 |
 |     1239 |       1.69914E+01 |
 |     1240 |       1.20023E+01 |
 |     1241 |       7.89464E+00 |
 |     1242 |       6.52432E+00 |
 |     1243 |       5.33947E+00 |
 |     1244 |       4.85823E+00 |
 |     1245 |       5.06378E+00 |
 |     1246 |       4.63545E+00 |
 |     1247 |       4.13551E+00 |
 |     1248 |       4.40779E+00 |
 |     1249 |       4.30424E+00 |
 |     1250 |       4.19510E+00 |
 |     1251 |       4.00504E+00 |
 |     1252 |       3.93386E+00 |
 |     1253 |       3.80250E+00 |
 |     1254 |       3.70674E+00 |
 |     1255 |       3.66957E+00 |
 |     1256 |       3.61163E+00 |
 |     1257 |       3.56403E+00 |
 |     1258 |       3.49522E+00 |
 |     1259 |       3.43193E+00 |
 |     1260 |       3.22888E+00 |
 |     1261 |       3.20684E+00 |
 |     1262 |       3.01369E+00 |
 |     1263 |       2.50352E+00 |
 |     1264 |       2.63538E+00 |
 |     1265 |       3.84670E+00 |
 |     1266 |       5.82703E+00 |
 |     1267 |       8.46769E+00 |
 |     1268 |       1.14530E+01 |
 |     1269 |       1.46476E+01 |
 |     1270 |       1.83211E+01 |
 |     1271 |       2.32089E+01 |
 |     1272 |       2.89694E+01 |
 |     1273 |       1.58714E+01 |
 |     1274 |       2.52005E+01 |
 |     1275 |       3.79086E+01 |
 |     1276 |       3.94455E+01 |
 |     1277 |       3.27359E+01 |
 |     1278 |       3.22290E+01 |
 |     1279 |       3.78486E+01 |
 |     1280 |       2.42142E+01 |
 |     1281 |       2.18248E+01 |
 |     1282 |       3.30013E+01 |
 |     1283 |       2.39027E+01 |
 |     1284 |       2.05700E+01 |
 |     1285 |       2.79305E+01 |
 |     1286 |       2.58257E+01 |
 |     1287 |       2.15534E+01 |
 |     1288 |       2.67600E+01 |
 |     1289 |       2.64597E+01 |
 |     1290 |       2.17554E+01 |
 |     1291 |       2.67473E+01 |
 |     1292 |       2.64622E+01 |
 |     1293 |       2.17619E+01 |
 |     1294 |       2.78994E+01 |
 |     1295 |       2.58204E+01 |
 |     1296 |       2.15650E+01 |
 |     1297 |       3.27882E+01 |
 |     1298 |       2.40182E+01 |
 |     1299 |       2.05586E+01 |
 |     1300 |       3.79868E+01 |
 |     1301 |       2.36530E+01 |
 |     1302 |       2.17688E+01 |
 |     1303 |       3.72848E+01 |
 |     1304 |       3.26748E+01 |
 |     1305 |       3.23082E+01 |
 |     1306 |       3.36582E+01 |
 |     1307 |       2.62783E+01 |
 |     1308 |       1.71562E+01 |
 |     1309 |       1.51941E+01 |
 |     1310 |       1.48702E+01 |
 |     1311 |       3.92915E-13 |
 |     1312 |       5.65855E-13 |
 |     1313 |       4.77980E-13 |
 |     1314 |       3.39010E-13 |
 |     1315 |       3.19141E-13 |
 |     1316 |       2.09799E-13 |
 |     1317 |       2.17090E-13 |
 |     1318 |       2.55742E-13 |
 |     1319 |       3.01930E-13 |
 |     1320 |       3.49689E-13 |
 |     1321 |       4.65205E-13 |
 |     1322 |       4.45633E-13 |
 |     1323 |       1.20213E-13 |
 |     1324 |       2.14170E-13 |
 |     1325 |       2.47423E-13 |
 |     1326 |       1.62775E-13 |
 |     1327 |       2.82762E-13 |
 |     1328 |       2.29350E-13 |
 |     1329 |       5.77246E-13 |
 |     1330 |       6.01844E-13 |
 |     1331 |       1.46499E+01 |
 |     1332 |       1.45906E+01 |
 |     1333 |       0.00000E+00 |
 |     1334 |       0.00000E+00 |
 |     1335 |       0.00000E+00 |
 |     1336 |       0.00000E+00 |
 |     1337 |       0.00000E+00 |
 |     1338 |       0.00000E+00 |
 |     1339 |       0.00000E+00 |
 |     1340 |       0.00000E+00 |
 |     1341 |       0.00000E+00 |
 |     1342 |       0.00000E+00 |
 |     1343 |       0.00000E+00 |
 |     1344 |       0.00000E+00 |
 |     1345 |       0.00000E+00 |
 |     1346 |       0.00000E+00 |
 |     1347 |       0.00000E+00 |
 |     1348 |       0.00000E+00 |
 |     1349 |       0.00000E+00 |
 |     1350 |       0.00000E+00 |
 |     1351 |       0.00000E+00 |
 |     1352 |       0.00000E+00 |
 |     1353 |       0.00000E+00 |
 |     1354 |       0.00000E+00 |
 |     1355 |       0.00000E+00 |
 |     1356 |       0.00000E+00 |
 |     1357 |       0.00000E+00 |
 |     1358 |       0.00000E+00 |
 |     1359 |       0.00000E+00 |
 |     1360 |       0.00000E+00 |
 |     1361 |       0.00000E+00 |
 |     1362 |       0.00000E+00 |
 |     1363 |       0.00000E+00 |
 |     1364 |       0.00000E+00 |
 |     1365 |       0.00000E+00 |
 |     1366 |       0.00000E+00 |
 |     1367 |       0.00000E+00 |
 |     1368 |       0.00000E+00 |
 |     1369 |       0.00000E+00 |
 |     1370 |       0.00000E+00 |
 |     1371 |       0.00000E+00 |
 |     1372 |       0.00000E+00 |
 |     1373 |       0.00000E+00 |
 |     1374 |       0.00000E+00 |
 |     1375 |       0.00000E+00 |
 |     1376 |       0.00000E+00 |
 |     1377 |       0.00000E+00 |
 |     1378 |       0.00000E+00 |
 |     1379 |       0.00000E+00 |
 |     1380 |       0.00000E+00 |
 |     1381 |       0.00000E+00 |
 |     1382 |       0.00000E+00 |
 |     1383 |       0.00000E+00 |
 |     1384 |       0.00000E+00 |
 |     1385 |       0.00000E+00 |
 |     1386 |       0.00000E+00 |
 |     1387 |       0.00000E+00 |
 |     1388 |       0.00000E+00 |
 |     1389 |       0.00000E+00 |
 |     1390 |       0.00000E+00 |
 |     1391 |       0.00000E+00 |
 |     1392 |       0.00000E+00 |
 |     1393 |       0.00000E+00 |
 |     1394 |       0.00000E+00 |
 |     1395 |       0.00000E+00 |
 |     1396 |       0.00000E+00 |
 |     1397 |       0.00000E+00 |
 |     1398 |       0.00000E+00 |
 |     1399 |       0.00000E+00 |
 |     1400 |       0.00000E+00 |
 |     1401 |       0.00000E+00 |
 |     1402 |       0.00000E+00 |
 |     1403 |       0.00000E+00 |
 |     1404 |       0.00000E+00 |
 |     1405 |       0.00000E+00 |
 |     1406 |       0.00000E+00 |
 |     1407 |       0.00000E+00 |
 |     1408 |       0.00000E+00 |
 |     1409 |       0.00000E+00 |
 |     1410 |       0.00000E+00 |
 |     1411 |       0.00000E+00 |
 |     1412 |       0.00000E+00 |
 |     1413 |       0.00000E+00 |
 |     1414 |       0.00000E+00 |
 |     1415 |       0.00000E+00 |
 |     1416 |       0.00000E+00 |
 |     1417 |       0.00000E+00 |
 |     1418 |       0.00000E+00 |
 |     1419 |       0.00000E+00 |
 |     1420 |       0.00000E+00 |
 |     1421 |       0.00000E+00 |
 |     1422 |       0.00000E+00 |
 |     1423 |       0.00000E+00 |
 |     1424 |       0.00000E+00 |
 |     1425 |       0.00000E+00 |
 |     1426 |       0.00000E+00 |
 |     1427 |       0.00000E+00 |
 |     1428 |       0.00000E+00 |
 |     1429 |       0.00000E+00 |
 |     1430 |       0.00000E+00 |
 |     1431 |       0.00000E+00 |
 |     1432 |       0.00000E+00 |
 |     1433 |       0.00000E+00 |
 |     1434 |       0.00000E+00 |
 |     1435 |       0.00000E+00 |
 |     1436 |       0.00000E+00 |
 |     1437 |       0.00000E+00 |
 |     1438 |       0.00000E+00 |
 |     1439 |       0.00000E+00 |
 |     1440 |       0.00000E+00 |
 |     1441 |       0.00000E+00 |
 |     1442 |       0.00000E+00 |
 |     1443 |       0.00000E+00 |
 |     1444 |       0.00000E+00 |
 |     1445 |       0.00000E+00 |
 |     1446 |       0.00000E+00 |
 |     1447 |       0.00000E+00 |
 |     1448 |       0.00000E+00 |
 |     1449 |       0.00000E+00 |
 |     1450 |       0.00000E+00 |
 |     1451 |       0.00000E+00 |
 |     1452 |       0.00000E+00 |
 |     1453 |       0.00000E+00 |
 |     1454 |       0.00000E+00 |
 |     1455 |       0.00000E+00 |
 |     1456 |       0.00000E+00 |
 |     1457 |       0.00000E+00 |
 |     1458 |       0.00000E+00 |
 |     1459 |       0.00000E+00 |
 |     1460 |       0.00000E+00 |
 |     1461 |       0.00000E+00 |
 |     1462 |       0.00000E+00 |
 |     1463 |       0.00000E+00 |
 |     1464 |       0.00000E+00 |
 |     1465 |       0.00000E+00 |
 |     1466 |       0.00000E+00 |
 |     1467 |       0.00000E+00 |
 |     1468 |       0.00000E+00 |
 |     1469 |       0.00000E+00 |
 |     1470 |       0.00000E+00 |
 |     1471 |       0.00000E+00 |
 |     1472 |       0.00000E+00 |
 |     1473 |       0.00000E+00 |
 |     1474 |       0.00000E+00 |
 |     1475 |       0.00000E+00 |
 |     1476 |       0.00000E+00 |
 |     1477 |       0.00000E+00 |
 |     1478 |       0.00000E+00 |
 |     1479 |       0.00000E+00 |
 |     1480 |       0.00000E+00 |
 |     1481 |       0.00000E+00 |
 |     1482 |       0.00000E+00 |
 |     1483 |       0.00000E+00 |
 |     1484 |       0.00000E+00 |
 |     1485 |       0.00000E+00 |
 |     1486 |       0.00000E+00 |
 |     1487 |       0.00000E+00 |
 |     1488 |       0.00000E+00 |
 |     1489 |       0.00000E+00 |
 |     1490 |       0.00000E+00 |
 |     1491 |       0.00000E+00 |
 |     1492 |       0.00000E+00 |
 |     1493 |       0.00000E+00 |
 |     1494 |       0.00000E+00 |
 |     1495 |       0.00000E+00 |
 |     1496 |       0.00000E+00 |
 |     1497 |       0.00000E+00 |
 |     1498 |       0.00000E+00 |
 |     1499 |       0.00000E+00 |
 |     1500 |       0.00000E+00 |
 |     1501 |       0.00000E+00 |
 |     1502 |       0.00000E+00 |
 |     1503 |       0.00000E+00 |
 |     1504 |       0.00000E+00 |
 |     1505 |       0.00000E+00 |
 |     1506 |       0.00000E+00 |
 |     1507 |       0.00000E+00 |
 |     1508 |       0.00000E+00 |
 |     1509 |       0.00000E+00 |
 |     1510 |       0.00000E+00 |
 |     1511 |       0.00000E+00 |
 |     1512 |       0.00000E+00 |
 |     1513 |       0.00000E+00 |
 |     1514 |       0.00000E+00 |
 |     1515 |       0.00000E+00 |
 |     1516 |       0.00000E+00 |
 |     1517 |       0.00000E+00 |
 |     1518 |       0.00000E+00 |
 |     1519 |       0.00000E+00 |
 |     1520 |       0.00000E+00 |
 |     1521 |       0.00000E+00 |
 |     1522 |       0.00000E+00 |
 |     1523 |       0.00000E+00 |
 |     1524 |       0.00000E+00 |
 |     1525 |       0.00000E+00 |
 |     1526 |       0.00000E+00 |
 |     1527 |       0.00000E+00 |
 |     1528 |       0.00000E+00 |
 |     1529 |       0.00000E+00 |
 |     1530 |       0.00000E+00 |
 |     1531 |       0.00000E+00 |
 |     1532 |       0.00000E+00 |
 |     1533 |       0.00000E+00 |
 |     1534 |       0.00000E+00 |
 |     1535 |       0.00000E+00 |
 |     1536 |       0.00000E+00 |
 |     1537 |       0.00000E+00 |
 |     1538 |       0.00000E+00 |
 |     1539 |       0.00000E+00 |
 |     1540 |       0.00000E+00 |
 |     1541 |       0.00000E+00 |
 |     1542 |       0.00000E+00 |
 |     1543 |       0.00000E+00 |
 |     1544 |       0.00000E+00 |
 |     1545 |       0.00000E+00 |
 |     1546 |       0.00000E+00 |
 |     1547 |       0.00000E+00 |
 |     1548 |       0.00000E+00 |
 |     1549 |       0.00000E+00 |
 |     1550 |       0.00000E+00 |
 |     1551 |       0.00000E+00 |
 |     1552 |       0.00000E+00 |
 |     1553 |       0.00000E+00 |
 |     1554 |       0.00000E+00 |
 |     1555 |       0.00000E+00 |
 |     1556 |       0.00000E+00 |
 |     1557 |       0.00000E+00 |
 |     1558 |       0.00000E+00 |
 |     1559 |       0.00000E+00 |
 |     1560 |       0.00000E+00 |
 |     1561 |       0.00000E+00 |
 |     1562 |       0.00000E+00 |
 |     1563 |       0.00000E+00 |
 |     1564 |       0.00000E+00 |
 |     1565 |       0.00000E+00 |
 |     1566 |       0.00000E+00 |
 |     1567 |       0.00000E+00 |
 |     1568 |       0.00000E+00 |
 |     1569 |       0.00000E+00 |
 |     1570 |       0.00000E+00 |
 |     1571 |       0.00000E+00 |
 |     1572 |       0.00000E+00 |
 |     1573 |       1.91759E+01 |
 |     1574 |       1.75077E+01 |
 |     1575 |       2.36126E+01 |
 |     1576 |       4.26669E+01 |
 |     1577 |       2.41281E+01 |
 |     1578 |       1.79701E+01 |
 |     1579 |       1.10059E+01 |
 |     1580 |       1.88053E+01 |
 |     1581 |       9.94719E+00 |
 |     1582 |       9.78509E+00 |
 |     1583 |       1.37218E+01 |
 |     1584 |       2.26210E+01 |
 |     1585 |       1.72121E+01 |
 |     1586 |       2.55896E+01 |
 |     1587 |       2.56315E+01 |
 |     1588 |       2.48450E+01 |
 |     1589 |       2.37606E+01 |
 |     1590 |       2.28842E+01 |
 |     1591 |       2.19800E+01 |
 |     1592 |       2.14015E+01 |
 |     1593 |       2.09443E+01 |
 |     1594 |       2.06307E+01 |
 |     1595 |       2.06085E+01 |
 |     1596 |       2.07050E+01 |
 |     1597 |       2.09866E+01 |
 |     1598 |       2.12976E+01 |
 |     1599 |       2.17842E+01 |
 |     1600 |       2.22978E+01 |
 |     1601 |       2.16091E+01 |
 |     1602 |       1.83181E+01 |
 |     1603 |       1.25596E+01 |
 |     1604 |       7.93911E+00 |
 |     1605 |       7.71518E+00 |
 |     1606 |       1.01428E+01 |
 |     1607 |       1.19724E+01 |
 |     1608 |       1.27311E+01 |
 |     1609 |       1.40945E+01 |
 |     1610 |       1.42397E+01 |
 |     1611 |       1.23190E+01 |
 |     1612 |       1.27667E+01 |
 |     1613 |       1.30284E+01 |
 |     1614 |       1.28991E+01 |
 |     1615 |       1.22122E+01 |
 |     1616 |       1.10148E+01 |
 |     1617 |       9.57360E+00 |
 |     1618 |       8.30887E+00 |
 |     1619 |       1.84673E+01 |
 |     1620 |       2.01842E+01 |
 |     1621 |       1.68692E+01 |
 |     1622 |       2.50266E+01 |
 |     1623 |       2.49836E+01 |
 |     1624 |       2.04168E+01 |
 |     1625 |       2.40548E+01 |
 |     1626 |       3.13160E+01 |
 |     1627 |       4.60203E+01 |
 |     1628 |       4.90340E+01 |
 |     1629 |       3.09431E+01 |
 |     1630 |       3.43114E+01 |
 |     1631 |       3.29372E+01 |
 |     1632 |       3.12381E+01 |
 |     1633 |       2.77599E+01 |
 |     1634 |       2.98170E+01 |
 |     1635 |       3.76035E+01 |
 |     1636 |       3.62418E+01 |
 |     1637 |       4.07703E+01 |
 |     1638 |       4.00484E+01 |
 |     1639 |       2.72430E+01 |
 |     1640 |       3.79561E+01 |
 |     1641 |       3.46267E+01 |
 |     1642 |       4.03065E+01 |
 |     1643 |       2.68852E+01 |
 |     1644 |       2.80830E+01 |
 |     1645 |       2.80678E+01 |
 |     1646 |       3.10687E+01 |
 |     1647 |       3.62020E+01 |
 |     1648 |       1.57566E+01 |
 |     1649 |       1.87759E+01 |
 |     1650 |       1.68646E+01 |
 |     1651 |       1.73145E+01 |
 |     1652 |       1.81399E+01 |
 |     1653 |       1.53516E+01 |
 |     1654 |       1.77915E+01 |
 |     1655 |       1.53079E+01 |
 |     1656 |       1.53868E+01 |
 |     1657 |       1.16379E+01 |
 |     1658 |       1.40706E+01 |
 |     1659 |       1.20517E+01 |
 |     1660 |       1.17772E+01 |
 |     1661 |       8.40563E+00 |
 |     1662 |       5.58815E+00 |
 |     1663 |       3.39554E+00 |
 |     1664 |       9.36809E+00 |
 |     1665 |       7.49707E+00 |
 |     1666 |       9.28982E+00 |
 |     1667 |       7.01454E+00 |
 |     1668 |       8.96733E+00 |
 |     1669 |       6.31979E+00 |
 |     1670 |       1.20573E+01 |
 |     1671 |       4.69112E+00 |
 |     1672 |       1.63051E+01 |
 |     1673 |       2.07035E+01 |
 |     1674 |       1.92705E+01 |
 |     1675 |       2.36341E+01 |
 |     1676 |       2.10950E+01 |
 |     1677 |       1.96754E+01 |
 |     1678 |       2.54295E+01 |
 |     1679 |       1.84065E+01 |
 |     1680 |       1.84809E+01 |
 |     1681 |       2.16149E+01 |
 |     1682 |       1.54850E+01 |
 |     1683 |       1.57966E+01 |
 |     1684 |       1.74311E+01 |
 |     1685 |       1.52137E+01 |
 |     1686 |       1.56289E+01 |
 |     1687 |       1.46701E+01 |
 |     1688 |       7.28408E+01 |
 |     1689 |       3.88796E+01 |
 |     1690 |       3.87880E+01 |
 |     1691 |       2.22371E+01 |
 |     1692 |       2.09122E+01 |
 |     1693 |       2.06188E+01 |
 |     1694 |       2.06875E+01 |
 |     1695 |       2.32397E+01 |
 |     1696 |       2.55502E+01 |
 |     1697 |       2.46869E+01 |
 |     1698 |       1.62169E+01 |
 |     1699 |       3.11255E+01 |
 |     1700 |       3.25907E+01 |
 |     1701 |       2.97702E+01 |
 |     1702 |       2.78915E+01 |
 |     1703 |       4.16515E+00 |
 |     1704 |       2.44478E+01 |
 |     1705 |       1.76778E+01 |
 |     1706 |       7.59940E+00 |
 |     1707 |       1.26829E+00 |
 |     1708 |       3.94062E+01 |
 |     1709 |       2.36892E+01 |
 |     1710 |       1.32549E+01 |
 |     1711 |       3.16701E+01 |
 |     1712 |       3.35726E+01 |
 |     1713 |       8.25162E+01 |
 |     1714 |       4.00592E+01 |
 |     1715 |       4.27016E+01 |
 |     1716 |       3.18213E+01 |
 |     1717 |       3.52609E+01 |
 |     1718 |       2.76418E+01 |
 |     1719 |       2.74667E+01 |
 |     1720 |       1.12026E+01 |
 |     1721 |       7.39152E+00 |
 |     1722 |       6.25608E+00 |
 |     1723 |       4.18417E+00 |
 |     1724 |       5.22990E+00 |
 |     1725 |       2.59636E+00 |
 |     1726 |       3.75369E+01 |
 |     1727 |       3.47137E+01 |
 |     1728 |       3.00366E+01 |
 |     1729 |       2.34957E+01 |
 |     1730 |       1.59101E+01 |
 |     1731 |       1.06092E+01 |
 |     1732 |       1.69157E+01 |
 |     1733 |       8.32208E+00 |
 |     1734 |       9.58830E+00 |
 |     1735 |       1.10297E+01 |
 |     1736 |       1.22269E+01 |
 |     1737 |       1.29100E+01 |
 |     1738 |       1.30352E+01 |
 |     1739 |       1.27680E+01 |
 |     1740 |       1.23146E+01 |
 |     1741 |       1.42249E+01 |
 |     1742 |       1.40810E+01 |
 |     1743 |       1.27126E+01 |
 |     1744 |       1.19609E+01 |
 |     1745 |       1.01260E+01 |
 |     1746 |       7.70582E+00 |
 |     1747 |       7.94250E+00 |
 |     1748 |       1.25637E+01 |
 |     1749 |       1.83458E+01 |
 |     1750 |       2.16408E+01 |
 |     1751 |       2.23346E+01 |
 |     1752 |       2.18150E+01 |
 |     1753 |       2.13399E+01 |
 |     1754 |       2.10191E+01 |
 |     1755 |       2.07475E+01 |
 |     1756 |       2.06486E+01 |
 |     1757 |       2.06522E+01 |
 |     1758 |       2.09900E+01 |
 |     1759 |       2.14352E+01 |
 |     1760 |       2.20177E+01 |
 |     1761 |       2.29103E+01 |
 |     1762 |       2.38165E+01 |
 |     1763 |       2.48708E+01 |
 |     1764 |       2.57307E+01 |
 |     1765 |       2.55851E+01 |
 |     1766 |       2.27110E+01 |
 |     1767 |       1.36781E+01 |
 |     1768 |       1.74643E+01 |
 |     1769 |       1.04928E+01 |
 |     1770 |       1.04746E+01 |
 |     1771 |       1.25046E+01 |
 |     1772 |       1.70217E+01 |
 |     1773 |       2.41310E+01 |
 |     1774 |       4.08492E+01 |
 |     1775 |       3.13717E+01 |
 |     1776 |       3.65935E+01 |
 |     1777 |       4.19683E+01 |
 |     1778 |       4.37240E+01 |
 |     1779 |       3.75235E+01 |
 |     1780 |       2.88000E+01 |
 |     1781 |       2.78160E+01 |
 |     1782 |       2.61469E+01 |
 |     1783 |       2.43256E+01 |
 |     1784 |       2.25317E+01 |
 |     1785 |       2.06529E+01 |
 |     1786 |       1.90454E+01 |
 |     1787 |       1.80676E+01 |
 |     1788 |       1.72476E+01 |
 |     1789 |       1.68214E+01 |
 |     1790 |       1.70058E+01 |
 |     1791 |       1.76564E+01 |
 |     1792 |       1.86512E+01 |
 |     1793 |       1.99620E+01 |
 |     1794 |       2.14998E+01 |
 |     1795 |       2.33372E+01 |
 |     1796 |       2.57029E+01 |
 |     1797 |       2.75523E+01 |
 |     1798 |       2.93526E+01 |
 |     1799 |       3.21495E+01 |
 |     1800 |       3.41818E+01 |
 |     1801 |       3.69788E+01 |
 |     1802 |       3.81779E+01 |
 |     1803 |       3.77439E+01 |
 |     1804 |       1.59144E+01 |
 |     1805 |       2.09129E+01 |
 |     1806 |       2.76860E+01 |
 |     1807 |       2.28618E+01 |
 |     1808 |       3.14370E+01 |
 |     1809 |       2.86930E+01 |
 |     1810 |       2.69390E+01 |
 |     1811 |       2.60871E+01 |
 |     1812 |       2.74931E+01 |
 |     1813 |       1.88584E+00 |
 |     1814 |       3.10914E+00 |
 |     1815 |       4.91238E+00 |
 |     1816 |       2.50388E+01 |
 |     1817 |       2.49960E+01 |
 |     1818 |       1.84694E+01 |
 |     1819 |       2.01878E+01 |
 |     1820 |       1.68647E+01 |
 |     1821 |       2.89030E+01 |
 |     1822 |       3.08168E+01 |
 |     1823 |       2.28634E+01 |
 |     1824 |       2.31093E+01 |
 |     1825 |       3.88831E+01 |
 |     1826 |       3.74211E+01 |
 |     1827 |       3.37957E+01 |
 |     1828 |       3.29792E+01 |
 |     1829 |       2.99620E+01 |
 |     1830 |       2.99664E+01 |
 |     1831 |       4.82702E+01 |
 |     1832 |       4.54091E+01 |
 |     1833 |       3.28275E+01 |
 |     1834 |       3.37680E+01 |
 |     1835 |       3.19068E+01 |
 |     1836 |       2.64143E+01 |
 |     1837 |       3.60868E+01 |
 |     1838 |       3.80310E+01 |
 |     1839 |       3.90635E+01 |
 |     1840 |       2.38460E+01 |
 |     1841 |       2.26246E+01 |
 |     1842 |       2.88221E+01 |
 |     1843 |       3.51047E+01 |
 |     1844 |       2.38968E+01 |
 |     1845 |       2.27471E+01 |
 |     1846 |       2.75797E+01 |
 |     1847 |       3.29371E+01 |
 |     1848 |       2.91897E+01 |
 |     1849 |       1.57576E+01 |
 |     1850 |       1.87816E+01 |
 |     1851 |       1.68622E+01 |
 |     1852 |       1.92311E+01 |
 |     1853 |       1.87575E+01 |
 |     1854 |       1.16702E+01 |
 |     1855 |       1.40917E+01 |
 |     1856 |       1.54268E+01 |
 |     1857 |       1.53672E+01 |
 |     1858 |       1.21176E+01 |
 |     1859 |       1.54177E+01 |
 |     1860 |       1.78322E+01 |
 |     1861 |       7.51715E+00 |
 |     1862 |       7.07921E+00 |
 |     1863 |       3.04911E+00 |
 |     1864 |       4.24021E+00 |
 |     1865 |       4.90273E+00 |
 |     1866 |       9.39859E+00 |
 |     1867 |       9.38761E+00 |
 |     1868 |       9.16124E+00 |
 |     1869 |       6.65076E+00 |
 |     1870 |       5.96323E+00 |
 |     1871 |       8.56846E+00 |
 |     1872 |       1.18731E+01 |
 |     1873 |       1.21648E+01 |
 |     1874 |       1.97010E+01 |
 |     1875 |       2.07078E+01 |
 |     1876 |       1.92732E+01 |
 |     1877 |       2.36456E+01 |
 |     1878 |       2.11052E+01 |
 |     1879 |       1.63009E+01 |
 |     1880 |       2.54488E+01 |
 |     1881 |       1.54988E+01 |
 |     1882 |       1.58037E+01 |
 |     1883 |       1.84137E+01 |
 |     1884 |       1.84961E+01 |
 |     1885 |       2.16314E+01 |
 |     1886 |       1.52144E+01 |
 |     1887 |       1.74329E+01 |
 |     1888 |       1.56228E+01 |
 |     1889 |       1.46648E+01 |
 |     1890 |       3.50557E+01 |
 |     1891 |       2.22272E+01 |
 |     1892 |       2.09113E+01 |
 |     1893 |       2.06256E+01 |
 |     1894 |       2.06146E+01 |
 |     1895 |       2.31378E+01 |
 |     1896 |       2.54326E+01 |
 |     1897 |       2.47703E+01 |
 |     1898 |       3.11742E+01 |
 |     1899 |       3.25680E+01 |
 |     1900 |       3.07068E+01 |
 |     1901 |       3.00437E+01 |
 |     1902 |       2.62849E+01 |
 |     1903 |       2.43756E+01 |
 |     1904 |       1.79473E+01 |
 |     1905 |       1.41954E+00 |
 |     1906 |       7.56420E+00 |
 |     1907 |       1.32639E+01 |
 |     1908 |       3.09342E+01 |
 |     1909 |       3.24763E+01 |
 |     1910 |       3.56165E+01 |
 |     1911 |       8.48023E+01 |
 |     1912 |       3.92755E+01 |
 |     1913 |       4.02496E+01 |
 |     1914 |       3.12337E+01 |
 |     1915 |       3.50784E+01 |
 |     1916 |       2.76105E+01 |
 |     1917 |       2.74405E+01 |
 |     1918 |       1.08206E+01 |
 |     1919 |       6.91796E+00 |
 |     1920 |       2.76018E+00 |
 |     1921 |       4.29653E+00 |
 |     1922 |       6.22676E+00 |
 |     1923 |       5.26814E+00 |
 |     1924 |       8.28814E+00 |
 |     1925 |       9.58119E+00 |
 |     1926 |       1.10466E+01 |
 |     1927 |       1.22429E+01 |
 |     1928 |       1.29392E+01 |
 |     1929 |       1.30495E+01 |
 |     1930 |       1.27691E+01 |
 |     1931 |       1.23198E+01 |
 |     1932 |       1.42395E+01 |
 |     1933 |       1.40873E+01 |
 |     1934 |       1.27128E+01 |
 |     1935 |       1.19431E+01 |
 |     1936 |       1.01233E+01 |
 |     1937 |       7.71584E+00 |
 |     1938 |       7.93190E+00 |
 |     1939 |       1.25508E+01 |
 |     1940 |       1.83118E+01 |
 |     1941 |       2.16061E+01 |
 |     1942 |       2.22980E+01 |
 |     1943 |       2.17851E+01 |
 |     1944 |       2.12952E+01 |
 |     1945 |       2.09818E+01 |
 |     1946 |       2.07017E+01 |
 |     1947 |       2.06069E+01 |
 |     1948 |       2.06292E+01 |
 |     1949 |       2.09393E+01 |
 |     1950 |       2.13970E+01 |
 |     1951 |       2.19773E+01 |
 |     1952 |       2.28833E+01 |
 |     1953 |       2.37628E+01 |
 |     1954 |       2.48470E+01 |
 |     1955 |       2.56155E+01 |
 |     1956 |       2.55968E+01 |
 |     1957 |       2.26156E+01 |
 |     1958 |       1.37338E+01 |
 |     1959 |       1.71775E+01 |
 |     1960 |       9.73466E+00 |
 |     1961 |       9.90752E+00 |
 |     1962 |       1.10758E+01 |
 |     1963 |       1.79595E+01 |
 |     1964 |       1.88358E+01 |
 |     1965 |       2.41586E+01 |
 |     1966 |       4.29340E+01 |
 |     1967 |       2.37938E+01 |
 |     1968 |       1.73065E+01 |
 |     1969 |       1.92823E+01 |
 |     1970 |       2.45144E+01 |
 |     1971 |       3.00999E+01 |
 |     1972 |       3.44577E+01 |
 |     1973 |       3.74855E+01 |
 |     1974 |       3.90798E+01 |
 |     1975 |       3.03201E+01 |
 |     1976 |       3.83145E+01 |
 |     1977 |       3.03734E+01 |
 |     1978 |       4.21696E+01 |
 |     1979 |       4.38255E+01 |
 |     1980 |       4.28116E+01 |
 |     1981 |       2.87667E+01 |
 |     1982 |       2.77864E+01 |
 |     1983 |       2.61170E+01 |
 |     1984 |       2.42994E+01 |
 |     1985 |       2.25051E+01 |
 |     1986 |       2.06276E+01 |
 |     1987 |       1.90208E+01 |
 |     1988 |       1.80402E+01 |
 |     1989 |       1.72179E+01 |
 |     1990 |       1.67876E+01 |
 |     1991 |       1.69659E+01 |
 |     1992 |       1.76118E+01 |
 |     1993 |       1.85993E+01 |
 |     1994 |       1.99086E+01 |
 |     1995 |       2.14387E+01 |
 |     1996 |       2.32738E+01 |
 |     1997 |       2.56363E+01 |
 |     1998 |       2.74742E+01 |
 |     1999 |       2.92753E+01 |
 |     2000 |       3.20742E+01 |
 |     2001 |       3.41034E+01 |
 |     2002 |       3.68797E+01 |
 |     2003 |       3.81102E+01 |
 |     2004 |       3.76106E+01 |
 |     2005 |       1.56170E+01 |
 |     2006 |       2.08695E+01 |
 |     2007 |       2.76639E+01 |
 |     2008 |       2.28943E+01 |
 |     2009 |       3.13835E+01 |
 |     2010 |       2.85771E+01 |
 |     2011 |       2.69124E+01 |
 |     2012 |       2.60305E+01 |
 |     2013 |       2.74663E+01 |
 |     2014 |       2.43028E+00 |
 |     2015 |       4.24462E+00 |
 |     2016 |       2.49509E+01 |
 |     2017 |       2.48968E+01 |
 |     2018 |       1.84103E+01 |
 |     2019 |       2.01001E+01 |
 |     2020 |       1.67918E+01 |
 |     2021 |       3.12970E+01 |
 |     2022 |       2.04133E+01 |
 |     2023 |       2.40436E+01 |
 |     2024 |       4.07331E+01 |
 |     2025 |       4.00224E+01 |
 |     2026 |       3.75501E+01 |
 |     2027 |       3.62188E+01 |
 |     2028 |       3.29228E+01 |
 |     2029 |       3.12041E+01 |
 |     2030 |       2.77856E+01 |
 |     2031 |       2.97846E+01 |
 |     2032 |       4.58334E+01 |
 |     2033 |       4.89783E+01 |
 |     2034 |       3.08965E+01 |
 |     2035 |       3.41414E+01 |
 |     2036 |       3.79280E+01 |
 |     2037 |       3.45821E+01 |
 |     2038 |       4.02510E+01 |
 |     2039 |       2.72011E+01 |
 |     2040 |       2.69199E+01 |
 |     2041 |       2.80722E+01 |
 |     2042 |       2.80607E+01 |
 |     2043 |       3.61820E+01 |
 |     2044 |       3.10690E+01 |
 |     2045 |       1.57398E+01 |
 |     2046 |       1.87629E+01 |
 |     2047 |       1.68319E+01 |
 |     2048 |       1.72909E+01 |
 |     2049 |       1.81308E+01 |
 |     2050 |       1.18478E+01 |
 |     2051 |       1.43256E+01 |
 |     2052 |       1.29650E+01 |
 |     2053 |       1.61816E+01 |
 |     2054 |       1.44316E+01 |
 |     2055 |       1.78212E+01 |
 |     2056 |       3.71171E+00 |
 |     2057 |       5.38430E+00 |
 |     2058 |       7.69175E+00 |
 |     2059 |       1.07589E+01 |
 |     2060 |       8.07629E+00 |
 |     2061 |       6.13793E+00 |
 |     2062 |       8.70558E+00 |
 |     2063 |       6.80080E+00 |
 |     2064 |       9.38108E+00 |
 |     2065 |       7.39193E+00 |
 |     2066 |       1.03195E+01 |
 |     2067 |       4.79189E+00 |
 |     2068 |       1.99921E+01 |
 |     2069 |       2.06029E+01 |
 |     2070 |       1.91864E+01 |
 |     2071 |       2.35435E+01 |
 |     2072 |       2.10470E+01 |
 |     2073 |       1.62431E+01 |
 |     2074 |       2.53633E+01 |
 |     2075 |       1.56339E+01 |
 |     2076 |       1.58052E+01 |
 |     2077 |       1.83959E+01 |
 |     2078 |       1.86319E+01 |
 |     2079 |       2.16866E+01 |
 |     2080 |       1.52009E+01 |
 |     2081 |       1.73809E+01 |
 |     2082 |       1.55970E+01 |
 |     2083 |       1.46628E+01 |
 |     2084 |       3.89691E+01 |
 |     2085 |       5.53342E+01 |
 |     2086 |       3.48941E+01 |
 |     2087 |       3.88705E+01 |
 |     2088 |       2.80721E+01 |
 |     2089 |       1.29999E+01 |
 |     2090 |       2.46943E+01 |
 |     2091 |       2.55640E+01 |
 |     2092 |       2.32438E+01 |
 |     2093 |       2.06914E+01 |
 |     2094 |       2.06247E+01 |
 |     2095 |       2.09200E+01 |
 |     2096 |       2.22466E+01 |
 |     2097 |       2.79777E+01 |
 |     2098 |       4.14586E+00 |
 |     2099 |       2.08019E+01 |
 |     2100 |       1.51363E+01 |
 |     2101 |       1.01505E+01 |
 |     2102 |       1.29812E+00 |
 |     2103 |       7.56525E+00 |
 |     2104 |       2.76774E+01 |
 |     2105 |       3.93414E+01 |
 |     2106 |       7.17415E+00 |
 |     2107 |       1.08514E+01 |
 |     2108 |       2.75193E+01 |
 |     2109 |       2.76448E+01 |
 |     2110 |       3.51243E+01 |
 |     2111 |       3.12314E+01 |
 |     2112 |       4.28932E+01 |
 |     2113 |       3.99914E+01 |
 |     2114 |       8.24699E+01 |
 |     2115 |       3.04333E+01 |
 |     2116 |       1.31885E+01 |
 |     2117 |       2.60069E+00 |
 |     2118 |       4.20649E+00 |
 |     2119 |       6.25856E+00 |
 |     2120 |       5.15585E+00 |
 |     2121 |       1.75366E+01 |
 |     2122 |       1.00676E+01 |
 |     2123 |       1.59491E+01 |
 |     2124 |       2.35137E+01 |
 |     2125 |       3.00534E+01 |
 |     2126 |       3.46779E+01 |
 |     2127 |       3.75417E+01 |
 |     2128 |       4.81430E+00 |
 |     2129 |       3.08076E+00 |
 |     2130 |       1.89624E+00 |
 |     2131 |       2.76961E+01 |
 |     2132 |       2.71913E+01 |
 |     2133 |       3.02272E+01 |
 |     2134 |       3.16726E+01 |
 |     2135 |       2.92002E+01 |
 |     2136 |       2.76409E+01 |
 |     2137 |       2.05213E+01 |
 |     2138 |       2.39074E+01 |
 |     2139 |       1.54557E+01 |
 |     2140 |       3.77116E+01 |
 |     2141 |       3.81944E+01 |
 |     2142 |       3.69853E+01 |
 |     2143 |       3.41928E+01 |
 |     2144 |       3.21553E+01 |
 |     2145 |       2.93547E+01 |
 |     2146 |       2.75573E+01 |
 |     2147 |       2.57071E+01 |
 |     2148 |       2.33409E+01 |
 |     2149 |       2.15035E+01 |
 |     2150 |       1.99656E+01 |
 |     2151 |       1.86543E+01 |
 |     2152 |       1.76601E+01 |
 |     2153 |       1.70097E+01 |
 |     2154 |       1.68253E+01 |
 |     2155 |       1.72531E+01 |
 |     2156 |       1.80716E+01 |
 |     2157 |       1.90500E+01 |
 |     2158 |       2.06580E+01 |
 |     2159 |       2.25347E+01 |
 |     2160 |       2.43310E+01 |
 |     2161 |       2.61488E+01 |
 |     2162 |       2.78169E+01 |
 |     2163 |       2.87840E+01 |
 |     2164 |       4.39471E+01 |
 |     2165 |       4.23122E+01 |
 |     2166 |       3.82493E+01 |
 |     2167 |       3.02380E+01 |
 |     2168 |       2.98693E+01 |
 |     2169 |       3.92251E+01 |
 |     2170 |       2.40009E+01 |
 |     2171 |       1.67104E+01 |
 |     2172 |       1.16976E+01 |
 |     2173 |       9.12843E+00 |
 |     2174 |       9.72616E+00 |
 |     2175 |       1.36234E+01 |
 |     2176 |       2.27302E+01 |
 |     2177 |       1.73040E+01 |
 |     2178 |       2.55960E+01 |
 |     2179 |       2.57481E+01 |
 |     2180 |       2.48826E+01 |
 |     2181 |       2.38218E+01 |
 |     2182 |       2.29168E+01 |
 |     2183 |       2.20237E+01 |
 |     2184 |       2.14411E+01 |
 |     2185 |       2.09955E+01 |
 |     2186 |       2.06569E+01 |
 |     2187 |       2.06532E+01 |
 |     2188 |       2.07525E+01 |
 |     2189 |       2.10229E+01 |
 |     2190 |       2.13435E+01 |
 |     2191 |       2.18163E+01 |
 |     2192 |       2.23370E+01 |
 |     2193 |       2.16359E+01 |
 |     2194 |       1.83580E+01 |
 |     2195 |       1.25837E+01 |
 |     2196 |       8.10584E+00 |
 |     2197 |       8.24418E+00 |
 |     2198 |       1.03899E+01 |
 |     2199 |       1.24387E+01 |
 |     2200 |       1.32866E+01 |
 |     2201 |       1.43558E+01 |
 |     2202 |       1.42003E+01 |
 |     2203 |       1.22137E+01 |
 |     2204 |       1.26543E+01 |
 |     2205 |       1.29343E+01 |
 |     2206 |       1.28760E+01 |
 |     2207 |       1.22732E+01 |
 |     2208 |       1.10999E+01 |
 |     2209 |       9.71077E+00 |
 |     2210 |       8.27578E+00 |
 |     2211 |       2.48980E+01 |
 |     2212 |       2.39564E+01 |
 |     2213 |       3.06791E+01 |
 |     2214 |       2.16857E+01 |
 |     2215 |       1.98513E+01 |
 |     2216 |       5.37711E+01 |
 |     2217 |       3.77594E+01 |
 |     2218 |       3.18489E+01 |
 |     2219 |       3.27502E+01 |
 |     2220 |       2.81239E+01 |
 |     2221 |       2.98321E+01 |
 |     2222 |       2.99170E+01 |
 |     2223 |       3.05240E+01 |
 |     2224 |       3.42534E+01 |
 |     2225 |       3.41887E+01 |
 |     2226 |       3.90911E+01 |
 |     2227 |       3.89121E+01 |
 |     2228 |       3.19209E+01 |
 |     2229 |       2.63820E+01 |
 |     2230 |       3.61790E+01 |
 |     2231 |       3.81618E+01 |
 |     2232 |       3.91815E+01 |
 |     2233 |       2.25258E+01 |
 |     2234 |       2.20751E+01 |
 |     2235 |       3.83833E+01 |
 |     2236 |       2.25683E+01 |
 |     2237 |       2.39016E+01 |
 |     2238 |       3.54409E+01 |
 |     2239 |       2.98408E+01 |
 |     2240 |       2.81821E+01 |
 |     2241 |       1.71570E+01 |
 |     2242 |       1.91738E+01 |
 |     2243 |       2.51761E+01 |
 |     2244 |       1.77685E+01 |
 |     2245 |       1.86068E+01 |
 |     2246 |       1.70601E+01 |
 |     2247 |       1.80445E+01 |
 |     2248 |       1.41792E+01 |
 |     2249 |       1.76430E+01 |
 |     2250 |       1.27647E+01 |
 |     2251 |       1.52148E+01 |
 |     2252 |       1.27911E+01 |
 |     2253 |       1.44909E+01 |
 |     2254 |       1.11956E+01 |
 |     2255 |       3.03679E+00 |
 |     2256 |       4.14116E+00 |
 |     2257 |       7.39299E+00 |
 |     2258 |       6.78051E+00 |
 |     2259 |       4.78476E+00 |
 |     2260 |       5.70704E+00 |
 |     2261 |       7.97351E+00 |
 |     2262 |       8.32863E+00 |
 |     2263 |       6.31306E+00 |
 |     2264 |       8.68459E+00 |
 |     2265 |       9.11118E+00 |
 |     2266 |       1.08148E+01 |
 |     2267 |       1.04181E+01 |
 |     2268 |       1.73693E+01 |
 |     2269 |       1.83696E+01 |
 |     2270 |       2.27932E+01 |
 |     2271 |       2.02256E+01 |
 |     2272 |       2.47204E+01 |
 |     2273 |       2.11893E+01 |
 |     2274 |       2.02569E+01 |
 |     2275 |       1.49117E+01 |
 |     2276 |       1.54250E+01 |
 |     2277 |       1.78903E+01 |
 |     2278 |       1.64416E+01 |
 |     2279 |       1.44705E+01 |
 |     2280 |       1.81695E+01 |
 |     2281 |       1.71822E+01 |
 |     2282 |       1.54013E+01 |
 |     2283 |       3.50715E+01 |
 |     2284 |       3.25622E+01 |
 |     2285 |       3.10888E+01 |
 |     2286 |       2.47744E+01 |
 |     2287 |       2.54575E+01 |
 |     2288 |       2.31514E+01 |
 |     2289 |       2.06184E+01 |
 |     2290 |       2.06252E+01 |
 |     2291 |       2.09108E+01 |
 |     2292 |       2.22374E+01 |
 |     2293 |       3.06495E+01 |
 |     2294 |       3.00805E+01 |
 |     2295 |       2.62600E+01 |
 |     2296 |       4.41391E+00 |
 |     2297 |       2.44285E+01 |
 |     2298 |       1.76474E+01 |
 |     2299 |       7.58852E+00 |
 |     2300 |       1.31480E+00 |
 |     2301 |       7.31588E+00 |
 |     2302 |       1.11480E+01 |
 |     2303 |       2.74425E+01 |
 |     2304 |       2.76110E+01 |
 |     2305 |       3.50949E+01 |
 |     2306 |       3.12512E+01 |
 |     2307 |       4.02793E+01 |
 |     2308 |       3.92762E+01 |
 |     2309 |       3.52450E+01 |
 |     2310 |       8.48862E+01 |
 |     2311 |       3.24718E+01 |
 |     2312 |       3.11863E+01 |
 |     2313 |       1.32647E+01 |
 |     2314 |       6.22954E+00 |
 |     2315 |       4.21264E+00 |
 |     2316 |       5.26082E+00 |
 |     2317 |       2.65929E+00 |
 |     2318 |       4.90016E+00 |
 |     2319 |       3.13683E+00 |
 |     2320 |       2.00690E+00 |
 |     2321 |       2.74738E+01 |
 |     2322 |       2.69205E+01 |
 |     2323 |       2.60713E+01 |
 |     2324 |       3.14098E+01 |
 |     2325 |       2.86706E+01 |
 |     2326 |       2.76538E+01 |
 |     2327 |       2.08735E+01 |
 |     2328 |       2.28343E+01 |
 |     2329 |       1.58686E+01 |
 |     2330 |       3.76342E+01 |
 |     2331 |       3.81097E+01 |
 |     2332 |       3.68929E+01 |
 |     2333 |       3.41024E+01 |
 |     2334 |       3.20760E+01 |
 |     2335 |       2.92764E+01 |
 |     2336 |       2.74832E+01 |
 |     2337 |       2.56377E+01 |
 |     2338 |       2.32812E+01 |
 |     2339 |       2.14456E+01 |
 |     2340 |       1.99152E+01 |
 |     2341 |       1.86033E+01 |
 |     2342 |       1.76160E+01 |
 |     2343 |       1.69692E+01 |
 |     2344 |       1.67897E+01 |
 |     2345 |       1.72197E+01 |
 |     2346 |       1.80420E+01 |
 |     2347 |       1.90218E+01 |
 |     2348 |       2.06294E+01 |
 |     2349 |       2.25040E+01 |
 |     2350 |       2.43004E+01 |
 |     2351 |       2.61125E+01 |
 |     2352 |       2.77832E+01 |
 |     2353 |       2.87696E+01 |
 |     2354 |       4.38516E+01 |
 |     2355 |       4.28515E+01 |
 |     2356 |       4.21918E+01 |
 |     2357 |       3.83346E+01 |
 |     2358 |       3.03367E+01 |
 |     2359 |       3.03895E+01 |
 |     2360 |       3.91288E+01 |
 |     2361 |       3.75232E+01 |
 |     2362 |       3.45087E+01 |
 |     2363 |       3.01397E+01 |
 |     2364 |       2.45024E+01 |
 --------------------------------
