
 !***TRACE Bacon number     1 on file (46)***

 I           1 AT     0    0 N              1          -2           3
                                           -9          15          -8
 I           2 AT     0    0 N              3         -10          17
                                          -16          15          -9
 I           3 AT     0    0 N              3          -4           5
                                          -11          17         -10
 I           4 AT     0    0 N              5         -12          19
                                          -18          17         -11
 I           5 AT     0    0 N              5          -6           7
                                          -13          19         -12
 I           6 AT     0    0 N              7         -14          21
                                          -20          19         -13
 I           7 AT     0    0 N             15         -16          17
                                          -23          29         -22
 I           8 AT     0    0 N             17         -24          31
                                          -30          29         -23
 I           9 AT     0    0 N             17         -18          19
                                          -25          31         -24
 I          10 AT     0    0 N             19         -26          33
                                          -32          31         -25
 I          11 AT     0    0 N             19         -20          21
                                          -27          33         -26
 I          12 AT     0    0 N             21         -28          35
                                          -34          33         -27
 I          13 AT     0    0 N             29         -30          31
                                          -37          43         -36
 I          14 AT     0    0 N             31         -38          45
                                          -44          43         -37
 I          15 AT     0    0 N             31         -32          33
                                          -39          45         -38
 I          16 AT     0    0 N             33         -40          47
                                          -46          45         -39
 I          17 AT     0    0 N             33         -34          35
                                          -41          47         -40
 I          18 AT     0    0 N             35         -42          49
                                          -48          47         -41
 I          19 AT     0    0 N             43         -44          45
                                          -51          57         -50
 I          20 AT     0    0 N             45         -52          59
                                          -58          57         -51
 I          21 AT     0    0 N             45         -46          47
                                          -53          59         -52
 I          22 AT     0    0 N             47         -54          61
                                          -60          59         -53
 I          23 AT     0    0 N             47         -48          49
                                          -55          61         -54
 I          24 AT     0    0 N             49         -56          63
                                          -62          61         -55
 I          25 AT     0    0 N             57         -58          59
                                          -65          71         -64
 I          26 AT     0    0 N             59         -66          73
                                          -72          71         -65
 I          27 AT     0    0 N             59         -60          61
                                          -67          73         -66
 I          28 AT     0    0 N             61         -68          75
                                          -74          73         -67
 I          29 AT     0    0 N             61         -62          63
                                          -69          75         -68
 I          30 AT     0    0 N             63         -70          77
                                          -76          75         -69
 I          31 AT     0    0 N             71         -72          73
                                          -79          85         -78
 I          32 AT     0    0 N             73         -80          87
                                          -86          85         -79
 I          33 AT     0    0 N             73         -74          75
                                          -81          87         -80
 I          34 AT     0    0 N             75         -82          89
                                          -88          87         -81
 I          35 AT     0    0 N             75         -76          77
                                          -83          89         -82
 I          36 AT     0    0 N             77         -84          91
                                          -90          89         -83
 I          37 AT     0    0 N             85         -86          87
                                          -93          99         -92
 I          38 AT     0    0 N             87         -94         101
                                         -100          99         -93
 I          39 AT     0    0 N             87         -88          89
                                          -95         101         -94
 I          40 AT     0    0 N             89         -96         103
                                         -102         101         -95
 I          41 AT     0    0 N             89         -90          91
                                          -97         103         -96
 I          42 AT     0    0 N             91         -98         105
                                         -104         103         -97
 I          43 AT     0    0 N             99        -100         101
                                         -107         113        -106
 I          44 AT     0    0 N            101        -108         115
                                         -114         113        -107
 I          45 AT     0    0 N            101        -102         103
                                         -109         115        -108
 I          46 AT     0    0 N            103        -110         117
                                         -116         115        -109
 I          47 AT     0    0 N            103        -104         105
                                         -111         117        -110
 I          48 AT     0    0 N            105        -112         119
                                         -118         117        -111
 I          49 AT     0    0 N            113        -114         115
                                         -121         127        -120
 I          50 AT     0    0 N            115        -122         129
                                         -128         127        -121
 I          51 AT     0    0 N            115        -116         117
                                         -123         129        -122
 I          52 AT     0    0 N            117        -124         131
                                         -130         129        -123
 I          53 AT     0    0 N            117        -118         119
                                         -125         131        -124
 I          54 AT     0    0 N            119        -126         133
                                         -132         131        -125
 I          55 AT     0    0 N            127        -128         129
                                         -135         141        -134
 I          56 AT     0    0 N            129        -136         143
                                         -142         141        -135
 I          57 AT     0    0 N            129        -130         131
                                         -137         143        -136
 I          58 AT     0    0 N            131        -138         145
                                         -144         143        -137
 I          59 AT     0    0 N            131        -132         133
                                         -139         145        -138
 I          60 AT     0    0 N            133        -140         147
                                         -146         145        -139
 I        1688 AT     0    0 N           6312       -6352        6310
                                        -6354        4668       -6356
 I        1689 AT     0    0 N           6318       -6358        6316
                                        -6360        2435       -6362
 I        1690 AT     0    0 N           6314       -6364        6809
                                        -6807        6805       -6366
 I        1691 AT     0    0 N           6278       -6368        6160
                                        -6370        3996       -6372
 I        1692 AT     0    0 N           6168       -6374        6284
                                        -6376        3868       -6378
 I        1693 AT     0    0 N           6172       -6380        6288
                                        -6382        3804       -6384
 I        1694 AT     0    0 N           6290       -6386        6170
                                        -6388        3772       -6390
 I        1695 AT     0    0 N           6182       -6392        6296
                                        -6394        3644       -6396
 I        1696 AT     0    0 N           6186       -6398        6300
                                        -6400        3580       -6402
 I        1697 AT     0    0 N           6302       -6404        6184
                                        -6406        3548       -6408
 I        1698 AT     0    0 N           6308       -6410        6306
                                        -6412        3356       -6414
 I        1699 AT     0    0 N           6322       -6416        2731
                                        -2736        2739       -6418
 I        1700 AT     0    0 N           6320       -6420        2715
                                        -2720        2723       -6422
 I        1701 AT     0    0 N           6328       -6424        6326
                                        -6426        6324       -6428
 I        1702 AT     0    0 N           6332       -6430        6330
                                        -6432        6324       -6434
 I        1703 AT     0    0 N           6206       -6436        6336
                                        -6438        6204       -6440
 I        1704 AT     0    0 N           6344       -6442        6342
                                        -6444        6340       -6446
 I        1705 AT     0    0 N           6350       -6448        6348
                                        -6450        6346       -6452
 I        1890 AT     0    0 N           7330       -7344        7225
                                        -7345        7220       -7346
 I        1891 AT     0    0 N           7312       -7347        7254
                                        -7348         972       -7349
 I        1892 AT     0    0 N           7258       -7350        7315
                                        -7351         844       -7352
 I        1893 AT     0    0 N           7260       -7353        7317
                                        -7354         780       -7355
 I        1894 AT     0    0 N           7318       -7356        7259
                                        -7357         748       -7358
 I        1895 AT     0    0 N           7265       -7359        7321
                                        -7360         620       -7361
 I        1896 AT     0    0 N           7267       -7362        7323
                                        -7363         556       -7364
 I        1897 AT     0    0 N           7324       -7365        7266
                                        -7366         524       -7367
 I        1898 AT     0    0 N           7328       -7368        1950
                                        -1955        1958       -7369
 I        1899 AT     0    0 N           7327       -7370        1934
                                        -1939        1942       -7371
 I        1900 AT     0    0 N           7221       -7372        7330
                                        -7373        7233       -7374
 I        1901 AT     0    0 N           7334       -7375        7333
                                        -7376        7332       -7377
 I        1902 AT     0    0 N           7337       -7378        7336
                                        -7379        7335       -7380
 I        1903 AT     0    0 N           7340       -7381        7339
                                        -7382        7338       -7383
 I        1904 AT     0    0 N           7343       -7384        7342
                                        -7385        7341       -7386
 I        2084 AT     0    0 N           7768       -7804        7767
                                        -7805        2403       -7806
 I        2085 AT     0    0 N           7672       -7807        7771
                                        -7808        4792       -7809
 I        2086 AT     0    0 N           7772       -7810        4794
                                        -4795        3208       -7811
 I        2087 AT     0    0 N           7769       -7812        6043
                                        -6041        6039       -7813
 I        2088 AT     0    0 N           7766       -7814        2091
                                        -2096        2099       -7815
 I        2089 AT     0    0 N           7774       -7816        7773
                                        -7817        3336       -7818
 I        2090 AT     0    0 N           7723       -7819        7776
                                        -7820        3528       -7821
 I        2091 AT     0    0 N           7777       -7822        7724
                                        -7823        3560       -7824
 I        2092 AT     0    0 N           7779       -7825        7722
                                        -7826        3624       -7827
 I        2093 AT     0    0 N           7716       -7828        7782
                                        -7829        3752       -7830
 I        2094 AT     0    0 N           7783       -7831        7717
                                        -7832        3784       -7833
 I        2095 AT     0    0 N           7785       -7834        7715
                                        -7835        3848       -7836
 I        2096 AT     0    0 N           7711       -7837        7788
                                        -7838        3976       -7839
 I        2097 AT     0    0 N           7791       -7840        7790
                                        -7841        7789       -7842
 I        2098 AT     0    0 N           7793       -7843        7734
                                        -7844        7733       -7845
 I        2099 AT     0    0 N           7797       -7846        7796
                                        -7847        7795       -7848
 I        2100 AT     0    0 N           7800       -7849        7799
                                        -7850        7798       -7851
 I        2101 AT     0    0 N           7748       -7852        7747
                                        -7853        7746       -7854
 I        2283 AT     0    0 N           8153       -8271        8254
                                        -8272        8146       -8273
 I        2284 AT     0    0 N           8237       -8274        2904
                                        -2909        2912       -8275
 I        2285 AT     0    0 N           8236       -8276        2888
                                        -2893        2896       -8277
 I        2286 AT     0    0 N           8191       -8278        8240
                                        -8279         504       -8280
 I        2287 AT     0    0 N           8241       -8281        8192
                                        -8282         536       -8283
 I        2288 AT     0    0 N           8243       -8284        8190
                                        -8285         600       -8286
 I        2289 AT     0    0 N           8184       -8287        8246
                                        -8288         728       -8289
 I        2290 AT     0    0 N           8247       -8290        8185
                                        -8291         760       -8292
 I        2291 AT     0    0 N           8249       -8293        8183
                                        -8294         824       -8295
 I        2292 AT     0    0 N           8179       -8296        8252
                                        -8297         952       -8298
 I        2293 AT     0    0 N           8254       -8299        8145
                                        -8300        8159       -8301
 I        2294 AT     0    0 N           8258       -8302        8257
                                        -8303        8256       -8304
 I        2295 AT     0    0 N           8261       -8305        8260
                                        -8306        8259       -8307
 I        2296 AT     0    0 N           8264       -8308        8263
                                        -8309        8262       -8310
 I        2297 AT     0    0 N           8267       -8311        8266
                                        -8312        8265       -8313
 I        2298 AT     0    0 N           8270       -8314        8269
                                        -8315        8268       -8316
 Number of listed cells =         127
